29
0.12929825484752655
0.010524779558181763
0.07143303751945496
0.050238918513059616
0.012380172498524189
0.02052656002342701
0.026304392144083977
0.018784258514642715
0.017326755449175835
0.06790205836296082
0.02745593897998333
0.016066571697592735
0.022530872374773026
0.028498074039816856
0.010013682767748833
0.02261040359735489
0.0423700250685215
0.06122814491391182
0.016089558601379395
0.15039893984794617
0.029636694118380547
0.10277651995420456
0.018615595996379852
0.05401665344834328
0.06138903275132179
0.07921592891216278
0.011747484095394611
0.09475976973772049
0.12056878209114075
0.06399161368608475
0.0348329097032547
0.011011442169547081
0.005337106995284557
0.020710855722427368
0.01814553514122963
0.03915967792272568
0.024451233446598053
0.06194479018449783
0.14902159571647644
0.05140057951211929
0.04969581961631775
0.02789071761071682
0.04345540329813957
0.013576606288552284
0.011235810816287994
0.010758846066892147
0.014070102013647556
0.3434375822544098
0.045704666525125504
0.02824956551194191
0.02275875397026539
0.14281299710273743
0.03884107246994972
0.025036100298166275
0.03705582767724991
0.04034145176410675
0.061588093638420105
0.011753161437809467
0.15519465506076813
0.05154963582754135
0.011724141426384449
0.02307804860174656
0.01680946722626686
0.11411936581134796
0.041219312697649
0.049429360777139664
0.04138462617993355
0.10414516925811768
0.022843483835458755
0.018686586990952492
0.522617757320404
0.019414901733398438
0.045384593307971954
0.2859594225883484
0.20628607273101807
0.0158659927546978
0.015055730007588863
0.08400317281484604
0.029132183641195297
0.011047742329537868
0.9238487482070923
0.16480471193790436
0.013616451993584633
0.04591221362352371
0.013207381591200829
0.07402369379997253
0.06595426797866821
0.04830733686685562
0.013435342349112034
0.07113447785377502
0.032689496874809265
0.0202970989048481
0.049532998353242874
0.03369568660855293
0.008554806932806969
0.03180695325136185
0.031956806778907776
0.1101045086979866
0.01975596696138382
0.008559036068618298
0.03060317412018776
0.02502407878637314
0.015575087629258633
0.017034629359841347
0.02845408208668232
0.01735028624534607
0.009128340519964695
0.25838935375213623
0.023444874212145805
0.02123231440782547
0.1084430143237114
0.06278164684772491
0.016043296083807945
0.06360349804162979
0.009873514994978905
0.021655775606632233
0.039129164069890976
0.02807512879371643
0.0284550953656435
0.008307398296892643
0.01602308079600334
0.03987503424286842
0.015620487742125988
0.015371492132544518
0.012657846324145794
0.030021701008081436
0.010407593101263046
0.1269955337047577
0.12127885967493057
0.03377668187022209
0.1268584132194519
0.009648851118981838
0.02089853398501873
0.019372904673218727
0.017840558663010597
0.017751893028616905
0.007799588143825531
0.017173729836940765
0.016570456326007843
0.011357207782566547
0.034102391451597214
0.08872044086456299
0.09905786067247391
0.010416040197014809
0.04756738245487213
0.02206415683031082
0.06845829635858536
0.01702510565519333
0.04643350839614868
0.010363108478486538
0.026585685089230537
0.11522524058818817
0.027163710445165634
0.025044018402695656
0.046238891780376434
0.013647702522575855
0.21304120123386383
0.45720240473747253
0.07492544502019882
0.2945418655872345
0.0144256092607975
0.012493680231273174
0.0822518840432167
0.023485181853175163
0.03928884118795395
0.017570188269019127
0.024509642273187637
0.13378655910491943
0.8035039305686951
0.013387448154389858
0.02206053026020527
0.017517557367682457
0.02142735756933689
0.19592685997486115
0.013535609468817711
0.02556988038122654
0.041929420083761215
0.10072503238916397
1.2377923727035522
0.030526911839842796
0.02339220978319645
0.02416985109448433
0.029272595420479774
0.05199955776333809
0.012293686158955097
0.03092021495103836
0.014792550355196
0.030550578609108925
0.022533949464559555
0.13846024870872498
0.014928227290511131
0.30982062220573425
0.017420222982764244
0.020948056131601334
0.06523729860782623
0.040918439626693726
0.039096735417842865
0.04617621749639511
0.08703888207674026
0.05668747052550316
0.033651385456323624
0.007847385480999947
0.016283269971609116
0.03025229647755623
0.019251037389039993
0.02861560881137848
0.008901322260499
0.019006242975592613
0.0379025824368
0.020225103944540024
0.023978503420948982
0.03408686816692352
0.010359261184930801
0.0214653629809618
0.04864061623811722
0.09764336794614792
0.012253031134605408
0.031807128340005875
0.1741870492696762
0.01340894028544426
0.023870371282100677
0.042726900428533554
0.005142854060977697
0.1483963131904602
0.04243668541312218
0.011911079287528992
0.01043899916112423
0.023591099306941032
0.028991641476750374
0.16361656785011292
0.3565373420715332
0.02139536291360855
0.06191805750131607
0.024872852489352226
0.05527806282043457
0.08062416315078735
0.01161667425185442
0.017323724925518036
0.010713036172091961
0.015691310167312622
0.014329423196613789
0.12129455804824829
0.05651728808879852
0.03642798587679863
0.02734203077852726
0.028646495193243027
0.03941309079527855
0.03800182044506073
0.03663671389222145
0.1084531918168068
0.013161011971533298
0.03964682295918465
0.04939921572804451
0.044418178498744965
0.028781991451978683
0.011636669747531414
0.022831639274954796
0.012037253007292747
0.41451895236968994
0.06758152693510056
0.05778105929493904
0.012544941157102585
0.009165170602500439
0.14030267298221588
0.014462260529398918
0.041553281247615814
0.1272464096546173
0.06618669629096985
0.08628664910793304
0.022611122578382492
0.018551625311374664
0.048081330955028534
0.0148539450019598
0.02375047840178013
0.027460342273116112
0.0053954641334712505
0.0172312892973423
0.6646127700805664
0.006857415195554495
0.04222285747528076
0.013679047115147114
0.023469654843211174
0.009302484802901745
0.052232611924409866
0.044860973954200745
0.06457191705703735
0.03787853196263313
0.25144675374031067
0.04123007506132126
0.013038248755037785
0.00948726013302803
0.029412884265184402
0.054111286997795105
0.059777043759822845
0.008325268514454365
0.017009127885103226
0.34273427724838257
0.03214404731988907
0.027018722146749496
0.06932413578033447
0.03605153039097786
0.0785536989569664
0.013776427134871483
0.12886708974838257
0.011930285952985287
0.12419889867305756
0.021707113832235336
0.02962259016931057
0.009472985751926899
0.05153151974081993
0.05159081891179085
0.014741994440555573
0.03507471829652786
0.018141500651836395
0.02604006417095661
0.07039015740156174
0.01022915169596672
0.022803112864494324
0.00768880732357502
0.07557854056358337
0.025841254740953445
0.054320599883794785
0.030942676588892937
0.007381897885352373
0.015937594696879387
0.021472344174981117
0.05826536938548088
0.08099724352359772
0.06274750083684921
0.006904490292072296
0.013373482041060925
0.04272590950131416
0.09332462400197983
0.020634911954402924
0.37636879086494446
0.0655641257762909
0.028581148013472557
0.05368274077773094
0.01967046782374382
0.06806711852550507
0.007973220199346542
0.01288782898336649
0.3774130046367645
0.017078503966331482
0.029144490137696266
0.037577275186777115
0.26648077368736267
0.020944125950336456
0.04651426151394844
0.05020198971033096
0.09503842890262604
0.01741025596857071
0.015036439523100853
0.03848658502101898
0.018569454550743103
0.035890061408281326
0.10768802464008331
0.00850854441523552
0.05446019396185875
0.05356982350349426
0.06992930173873901
0.09550565481185913
0.021918339654803276
0.013538687489926815
0.21463172137737274
0.02393866702914238
0.05007655918598175
0.026628976687788963
0.02258063480257988
0.020468108355998993
0.2751184403896332
0.04127391800284386
0.03917977958917618
0.044626910239458084
0.024717802181839943
0.007030803244560957
0.016705451533198357
0.02503432147204876
0.13730773329734802
0.036097995936870575
0.06404094398021698
0.06398943066596985
0.007935910485684872
0.014898867346346378
0.01566902920603752
0.03480815514922142
0.015815244987607002
0.03935861587524414
0.019414156675338745
0.0087735615670681
0.0931115373969078
0.012518624775111675
0.0640263482928276
0.07664255797863007
0.04100293666124344
0.088521309196949
0.06054016202688217
0.04604561626911163
0.018017718568444252
0.16652025282382965
0.058593276888132095
0.12707734107971191
0.030269084498286247
0.07971147447824478
0.01792076602578163
0.029215427115559578
0.012438002973794937
0.017735550180077553
0.02633623592555523
0.11820083856582642
0.007474598474800587
0.05291622877120972
0.009402765892446041
0.03145294263958931
0.23999829590320587
0.06081738695502281
0.02212934009730816
0.017529280856251717
0.04762484133243561
0.007667081896215677
0.03294317424297333
0.03794504702091217
0.008994483388960361
0.052692826837301254
0.13487975299358368
0.04184848442673683
0.012571580708026886
0.012751836329698563
0.04321785271167755
0.028471199795603752
0.027462957426905632
0.030341431498527527
0.017440173774957657
0.025093531236052513
0.1210281103849411
0.10964160412549973
0.17540279030799866
0.015079409815371037
0.03169158846139908
0.035732582211494446
0.06260227411985397
0.03754880651831627
0.008740748278796673
0.014049357734620571
0.02493802271783352
0.011234148405492306
0.029175544157624245
0.14785000681877136
0.32432860136032104
0.049610089510679245
0.24388563632965088
0.09790731966495514
0.02457495778799057
0.04490493983030319
0.00511293625459075
0.19862057268619537
0.017141971737146378
0.04600907862186432
0.012659979984164238
0.046857159584760666
0.15198275446891785
0.016578195616602898
0.034203555434942245
0.02018280141055584
0.028881965205073357
0.02596653811633587
0.01968642696738243
0.02787797898054123
0.015684103593230247
0.02421821840107441
0.012465913780033588
0.037862446159124374
0.02159312181174755
0.03171434998512268
0.29227501153945923
0.13422371447086334
0.08400359749794006
0.1534448266029358
0.05666973441839218
0.01262539904564619
0.01787918247282505
0.03117694891989231
0.015202474780380726
0.026638276875019073
0.039001453667879105
0.023188656195998192
0.004172072280198336
0.05009791627526283
0.016305500641465187
0.015477865934371948
0.024261772632598877
0.07137507945299149
0.025166822597384453
0.08675861358642578
0.034325528889894485
0.023044103756546974
0.06669628620147705
0.025561446323990822
0.011532154865562916
0.007926399819552898
0.06237901747226715
0.009624647907912731
0.2808409035205841
0.011313737370073795
0.03073827363550663
0.31801214814186096
0.2044973522424698
0.01775856502354145
0.012091390788555145
0.010914288461208344
0.021159173920750618
0.012700766324996948
0.012415606528520584
0.038617201149463654
0.039928097277879715
0.02299962006509304
0.09990834444761276
0.6915573477745056
0.011958613991737366
0.07174627482891083
0.022980237379670143
0.3656398057937622
0.026826445013284683
0.03688186779618263
0.008726377040147781
0.02318120189011097
0.10133634507656097
0.0356830433011055
0.01715649850666523
0.019189754500985146
0.01520965714007616
0.0343119353055954
0.02093888819217682
0.017580218613147736
0.02506997250020504
0.03272821381688118
0.010178515687584877
0.1548003852367401
0.024463476613163948
0.02502584643661976
0.017174007371068
0.01160810049623251
0.10421158373355865
0.012114894576370716
0.047784801572561264
0.0190958920866251
0.018509384244680405
0.017272163182497025
0.3903845250606537
0.1313016563653946
0.09734354168176651
0.01595393754541874
0.036500755697488785
0.15294679999351501
0.0605580136179924
0.0408245213329792
0.015846794471144676
0.06348203867673874
0.04482661560177803
0.02271145209670067
0.02189495787024498
0.10567405074834824
0.011425047181546688
0.011670631356537342
0.015647970139980316
0.01281676720827818
0.029541002586483955
0.040034905076026917
0.016433797776699066
0.07203163951635361
0.015503120608627796
0.04921980947256088
0.16166600584983826
0.1597377061843872
0.02895907498896122
0.040837112814188004
0.005972744431346655
0.014257225207984447
0.03270043432712555
0.015242353081703186
0.11312005668878555
0.024042367935180664
0.06377257406711578
0.01695699244737625
0.16750159859657288
0.09539826959371567
0.017367655411362648
0.00931224599480629
0.008423471823334694
0.04439149424433708
0.05289643630385399
0.04731455445289612
0.019980262964963913
0.01059703528881073
0.021469181403517723
0.008476078510284424
0.011139599606394768
0.10712774842977524
0.03612607344985008
0.03646324574947357
0.015757737681269646
0.015276302583515644
0.08777408301830292
0.07612479478120804
0.5438328981399536
0.0221203975379467
0.01286666002124548
0.21192026138305664
0.07187779992818832
0.02364307828247547
0.021890914067626
0.0362701378762722
0.03004973940551281
0.009976545348763466
0.0386456660926342
0.11885296553373337
0.13994789123535156
0.1254160851240158
0.013885237276554108
0.015739640220999718
0.08759896457195282
0.38306739926338196
0.04090145230293274
0.008889383636415005
0.03187589347362518
0.1573021560907364
0.02414887584745884
0.013347562402486801
0.09995418787002563
0.21814198791980743
0.18176913261413574
0.006701270584017038
0.013338700868189335
0.74465012550354
0.018076203763484955
0.08360505849123001
0.02888575941324234
0.03175096586346626
0.06852275133132935
0.02429785393178463
0.17651191353797913
0.027596013620495796
0.05802115052938461
0.011751215904951096
0.006477161776274443
0.0144698116928339
0.22093968093395233
0.7245034575462341
0.10498800128698349
0.05674712359905243
0.02326648123562336
0.023888595402240753
0.0784500241279602
0.012564457952976227
0.049633387476205826
0.01116535346955061
0.07463511824607849
0.031168119981884956
0.02526025101542473
0.02210555411875248
0.03176913037896156
0.04986821487545967
0.050007086247205734
0.023512760177254677
0.05331428349018097
0.019183646887540817
0.025501027703285217
0.07541445642709732
0.029370227828621864
0.08775106072425842
0.09325191378593445
0.018616100773215294
0.02816266566514969
0.042074330151081085
0.017269961535930634
0.017672035843133926
0.009446126408874989
0.011538137681782246
0.20993266999721527
0.025377603247761726
0.022019676864147186
0.02465042658150196
0.21615278720855713
0.042346224188804626
0.39214184880256653
0.03285703808069229
0.052797142416238785
0.020459165796637535
0.014804528094828129
0.03534863516688347
0.0342317670583725
0.012429419904947281
0.03566787764430046
0.013819174841046333
0.03126861900091171
0.010927718132734299
0.02042454294860363
1.155699610710144
0.06197449937462807
0.01551822666078806
0.08990268409252167
0.026906654238700867
0.5766439437866211
0.11702992767095566
0.01723889447748661
0.026779353618621826
0.01693955808877945
0.01849600300192833
0.07500287890434265
0.014407825656235218
0.03166259452700615
0.015020857565104961
0.6042870283126831
0.05275844782590866
0.028184428811073303
0.011274285614490509
0.014625723473727703
0.01698501780629158
0.08085939288139343
0.06478017568588257
0.04430441930890083
0.09346505254507065
0.150129035115242
0.12198378145694733
0.05501680448651314
0.1818283647298813
0.11812907457351685
0.11414048075675964
0.051362544298172
0.08299915492534637
0.01608600653707981
0.10644690692424774
0.1265701949596405
0.10370990633964539
0.14152422547340393
0.03493870049715042
0.024880269542336464
0.05411944165825844
0.0244450680911541
0.032583292573690414
0.020506463944911957
0.41645047068595886
0.018637072294950485
0.01242249459028244
0.03870995342731476
0.041595473885536194
0.00801199208945036
0.17809823155403137
0.02645641379058361
0.17460006475448608
0.11436797678470612
0.02216040901839733
0.03093780018389225
0.2106609046459198
0.03019234538078308
0.06133943051099777
0.13820227980613708
0.022496115416288376
0.05939200520515442
0.01878834329545498
0.030188411474227905
0.010220052674412727
0.09478829801082611
0.021206548437476158
0.3218320310115814
0.022579455748200417
0.021415332332253456
0.19323214888572693
0.033685799688100815
0.04393545165657997
0.0389108769595623
0.02159922569990158
0.01353558711707592
0.010973328724503517
0.41846492886543274
0.05404772236943245
0.028449488803744316
0.16082318127155304
0.05623316019773483
0.09998223930597305
0.070366770029068
0.041105762124061584
0.026482287794351578
0.010616399347782135
0.02017032541334629
0.024268953129649162
0.05163131281733513
0.026763057336211205
0.01055546011775732
0.01827819086611271
0.019575299695134163
0.019011108204722404
0.0596841499209404
0.01819203794002533
0.014785298146307468
0.07583194226026535
0.03269534558057785
0.013233579695224762
0.04844925180077553
0.016482047736644745
0.04002194479107857
0.04181760549545288
0.025801897048950195
0.07226037234067917
0.3315066695213318
0.11925654113292694
0.021720055490732193
0.05906572937965393
0.014118032529950142
0.02581578679382801
0.13584552705287933
0.018443530425429344
0.1516866832971573
0.06052454560995102
0.041246816515922546
0.0061643486842513084
0.01999957114458084
0.014185113832354546
0.010891196317970753
0.04518521949648857
0.3485911786556244
0.02682403288781643
0.022922582924365997
0.011984779499471188
0.02259342186152935
0.013964254409074783
0.011187773197889328
0.013154339045286179
0.013080955483019352
0.0245806984603405
0.04345991834998131
0.1955588012933731
0.058951906859874725
0.03308483585715294
0.020282573997974396
0.008821760304272175
0.027460258454084396
0.009917797520756721
0.034858766943216324
0.012156563811004162
0.012575412169098854
0.07179460674524307
0.03696393221616745
0.057171255350112915
0.09211616963148117
0.009074782952666283
0.016755202785134315
0.03287254273891449
0.008224577642977238
0.027209579944610596
2.31074595451355
0.042224764823913574
0.031978923827409744
0.08342821151018143
0.06140134111046791
0.00992616731673479
0.020862121134996414
0.04286576434969902
0.07576888799667358
0.04096473753452301
0.021129833534359932
0.028867539018392563
0.3641193211078644
0.03457510843873024
0.02596304938197136
0.3656415045261383
0.09465502947568893
0.014275324530899525
0.3011494278907776
0.06441013514995575
0.008037127554416656
0.010164366103708744
0.03242620825767517
0.020030751824378967
0.05273006111383438
0.03719257563352585
0.015262484550476074
0.12132083624601364
0.10245181620121002
0.012015026062726974
0.019187992438673973
0.018272140994668007
0.02970690280199051
0.02403147891163826
0.07448279857635498
0.019306674599647522
0.06811695545911789
0.057119522243738174
0.00958274770528078
0.07753795385360718
0.010817172937095165
0.016403883695602417
0.03422416374087334
0.032946791499853134
0.11672931909561157
0.02278760075569153
0.015518717467784882
0.015543607994914055
0.018021229654550552
0.09331610798835754
0.010333786718547344
0.021051499992609024
0.019025715067982674
0.019668566063046455
0.12434136867523193
0.03220890089869499
0.04417639598250389
0.028947683051228523
0.03633210062980652
0.19261585175991058
0.06604809314012527
0.01502501592040062
0.016438160091638565
0.02184411697089672
0.026479559019207954
0.04557603597640991
0.01490639429539442
0.20416377484798431
0.03827615827322006
0.019245009869337082
0.019688470289111137
0.027488987892866135
0.09530623257160187
0.05054860562086105
0.020821087062358856
0.041664037853479385
0.018379459157586098
0.028169244527816772
0.05022347718477249
0.009091490879654884
0.14778244495391846
0.03323519229888916
0.045978959649801254
0.013594631105661392
0.2124653458595276
0.016713203862309456
0.05188044160604477
0.04705933853983879
0.14664603769779205
0.0373917855322361
0.013504845090210438
0.04684607684612274
0.019304398447275162
0.010435235686600208
0.26946717500686646
0.010290929116308689
0.08620642125606537
0.05360241234302521
0.04171682894229889
0.06610728800296783
0.08551198244094849
0.21296757459640503
0.014781992882490158
0.016494423151016235
0.07878705114126205
0.01707342453300953
0.020066531375050545
0.031697943806648254
0.0641326904296875
0.10097672045230865
0.04763985797762871
0.04278745874762535
0.010405168868601322
0.05938829854130745
0.022200895473361015
0.03460707142949104
0.1254618763923645
0.015870336443185806
0.019037064164876938
0.02622024342417717
0.09339025616645813
0.05895382910966873
0.029296377673745155
0.0151539146900177
0.09066981077194214
0.01665063202381134
0.1451999694108963
0.016449380666017532
0.011252232827246189
0.09726934134960175
0.02825634740293026
0.06280725449323654
0.24912361800670624
0.021649153903126717
0.030742911621928215
0.024243028834462166
0.032534196972846985
0.031763870269060135
0.2190805971622467
0.016437236219644547
0.019179632887244225
0.00847485102713108
0.03175881877541542
0.03969728574156761
0.01841675490140915
0.09950435161590576
0.07392425835132599
0.009297040291130543
0.019098620861768723
0.057802245020866394
0.008277969434857368
0.020301897078752518
0.16654258966445923
0.1854213923215866
0.08410488814115524
0.38571637868881226
0.017974305897951126
0.012589480727910995
0.0447034016251564
0.12176329642534256
0.35427671670913696
0.018771205097436905
0.038180530071258545
0.044818341732025146
0.025434860959649086
0.025779638439416885
0.01419608760625124
0.03459181636571884
0.05262988805770874
0.015533053316175938
0.01837005838751793
0.00928749144077301
0.2814009487628937
0.020610587671399117
0.03471966087818146
0.023835083469748497
0.03348645567893982
0.03772823512554169
0.034607578068971634
0.021125374361872673
0.05199294537305832
0.05140526965260506
0.06122932583093643
0.28273823857307434
0.03413710743188858
0.09144358336925507
0.018024377524852753
0.01191998366266489
0.040105342864990234
0.13170795142650604
0.05698944628238678
0.08411037176847458
0.03333163261413574
0.04296208918094635
0.08557642251253128
0.01303008385002613
0.03261512890458107
0.04967936500906944
0.07161279767751694
0.02008538879454136
0.032699067145586014
0.026024241000413895
0.026515979319810867
0.019574152305722237
0.04138438403606415
0.21587057411670685
0.01189225073903799
0.21442706882953644
0.0173516683280468
0.0992545410990715
0.05538453161716461
0.0332641564309597
0.011321851052343845
0.04413870722055435
0.008060500025749207
0.019790994003415108
0.0495503731071949
0.04531087726354599
0.00910545140504837
0.03535495325922966
0.39552709460258484
0.04255572333931923
0.04743374139070511
0.01384743396192789
0.01875883899629116
0.02777095139026642
0.03189771622419357
0.02795124053955078
0.11807774752378464
0.017784859985113144
0.020114801824092865
0.02111664041876793
0.041057687252759933
0.02877979725599289
0.01668611168861389
0.030187806114554405
0.14583507180213928
0.01701820082962513
0.055831581354141235
0.21155717968940735
0.04805022105574608
0.018018588423728943
0.03596891090273857
0.1720925122499466
0.019945189356803894
0.016951071098446846
0.021129991859197617
0.02781647816300392
0.01788678951561451
0.015530684031546116
0.053416285663843155
0.09064880758523941
0.040119629353284836
0.010902279056608677
0.5966413021087646
0.04707791656255722
0.043351784348487854
0.0239202082157135
0.07359970360994339
0.14815965294837952
0.13740533590316772
0.020219800993800163
0.026066670194268227
0.02411111257970333
0.02251553162932396
0.01684625819325447
0.033005423843860626
0.021137086674571037
0.04068233072757721
0.05708949267864227
0.015462175942957401
0.03526540845632553
0.1580429971218109
0.04733062535524368
0.03954754397273064
0.00891424436122179
0.03251517936587334
0.15590247511863708
0.020254608243703842
0.04298332333564758
0.02299666777253151
0.10228138417005539
0.013196145184338093
0.07687832415103912
0.28656744956970215
0.014797738753259182
0.04846975579857826
0.012504414655268192
0.18578587472438812
0.017667831853032112
0.03913163021206856
0.03675380349159241
0.1097622886300087
0.015390760265290737
0.04319310933351517
0.018490493297576904
0.014989810064435005
0.3557421863079071
0.022563539445400238
0.06402744352817535
0.27541354298591614
0.029822679236531258
0.02559206262230873
0.010012554004788399
0.05314101278781891
0.016782749444246292
0.038408372551202774
0.15062731504440308
0.2070552259683609
0.012971073389053345
0.04591110348701477
0.01932598650455475
0.01000863965600729
0.043987687677145004
0.11904657632112503
0.02796417661011219
0.024777667596936226
0.08466511219739914
0.024174951016902924
0.026404183357954025
0.028979267925024033
0.029877353459596634
0.009075019508600235
0.010738235898315907
0.08594274520874023
0.013045034371316433
0.016082189977169037
0.019470999017357826
0.05605273321270943
0.008327304385602474
0.03061215952038765
0.012821982614696026
0.014120635576546192
0.024546554312109947
0.03973677381873131
0.03576616197824478
0.0045618354342877865
0.02233717404305935
0.055080074816942215
0.039408210664987564
0.02045486308634281
0.026048053056001663
0.022314265370368958
0.3613907992839813
0.012984874658286572
0.022291522473096848
0.013708774000406265
0.018987972289323807
0.07440624386072159
0.029583724215626717
0.0932261198759079
0.017376216128468513
0.32503026723861694
0.17511413991451263
0.130460724234581
0.01555537898093462
0.03558371588587761
0.024803347885608673
0.015639448538422585
0.016745487228035927
0.028772247955203056
0.04461424797773361
0.028883835300803185
0.01384742371737957
0.015233856625854969
0.015635788440704346
0.020687637850642204
0.012746392749249935
0.023418964818120003
0.019068516790866852
0.031145475804805756
0.022674519568681717
0.07876641303300858
0.07355809956789017
0.24128305912017822
0.1312749683856964
0.01423714216798544
0.0330527126789093
0.013743491843342781
0.02128704823553562
0.01332466397434473
0.0230857040733099
0.021464232355356216
0.022412706166505814
0.05296548083424568
0.02096678502857685
0.025842342525720596
0.02565683051943779
0.03717949241399765
0.013584035448729992
0.012698213569819927
0.022227220237255096
0.015539107844233513
0.044886957854032516
0.09547902643680573
0.049796752631664276
0.1771913468837738
0.07776268571615219
0.04118498042225838
0.017674224451184273
0.02071623131632805
0.024447903037071228
0.06699351966381073
0.021534083411097527
0.07183176279067993
0.0857868641614914
0.028736479580402374
0.0212609451264143
0.0299898199737072
0.010882473550736904
0.12727957963943481
0.01561163179576397
0.05724313110113144
0.1334340125322342
0.042209550738334656
0.01810959354043007
0.04454118385910988
0.010181605815887451
0.030933460220694542
0.04923532158136368
0.07333915680646896
0.07961655408143997
0.0887642353773117
0.01535559631884098
0.0221546683460474
0.058039143681526184
0.10798002034425735
0.013406263664364815
0.025416532531380653
0.019026299938559532
0.028096942231059074
0.02920117788016796
0.04929797723889351
0.08718932420015335
0.011892253533005714
0.023504916578531265
0.015385182574391365
0.012241130694746971
0.03147757425904274
0.25195327401161194
0.014962293207645416
0.06294948607683182
0.022240817546844482
0.01253681443631649
0.033639922738075256
0.020323527976870537
0.025272555649280548
0.01920175738632679
0.08285790681838989
0.021973781287670135
0.012570669874548912
0.009241328574717045
0.04816139489412308
0.028045950457453728
0.02499750442802906
0.013427899219095707
0.06322739273309708
0.018026214092969894
0.024605965241789818
0.03973368555307388
0.030798733234405518
0.04331378638744354
0.0692133754491806
0.0277919452637434
0.015630604699254036
0.07112859934568405
0.13722442090511322
0.013609347864985466
0.06080092117190361
0.01793176494538784
0.019475668668746948
0.15973611176013947
0.023097490891814232
0.049808695912361145
0.029650729149580002
0.08189410716295242
0.04474600777029991
0.038334012031555176
0.014254892244935036
0.06958593428134918
0.2439352571964264
0.46728217601776123
0.08955486863851547
0.034762509167194366
0.11138170212507248
0.13066469132900238
0.014060231857001781
0.013740556314587593
0.05494024604558945
0.13450485467910767
0.023348597809672356
0.11287200450897217
0.2014068216085434
0.015111367218196392
0.024301113560795784
0.1357784867286682
0.41101938486099243
0.05592120438814163
0.15436260402202606
0.023665687069296837
0.06468238681554794
0.03611578792333603
0.1323491632938385
0.024919498711824417
0.017637057229876518
0.013135232031345367
0.013204769231379032
0.03619474917650223
0.011806081980466843
0.10481001436710358
0.027115074917674065
0.023210350424051285
0.01693592220544815
0.016347333788871765
0.014504911378026009
0.032358065247535706
0.025738531723618507
0.02038690820336342
0.07980161160230637
0.03194190189242363
0.2871365249156952
0.04359503462910652
0.020141921937465668
0.07515005022287369
0.033196065574884415
0.02476980723440647
0.02110382728278637
0.07120289653539658
0.05214391276240349
0.042803455144166946
0.4787917137145996
0.05498039722442627
0.02803467959165573
0.04154068976640701
0.033438824117183685
0.015820953994989395
0.03975526988506317
0.10237952321767807
0.0204854067414999
0.005025989376008511
0.016473306342959404
0.0082454988732934
0.02061598375439644
0.03452322259545326
0.0379268042743206
0.07408758252859116
0.015883969143033028
0.020974038168787956
0.022069616243243217
0.018472671508789062
0.026266932487487793
0.20272915065288544
0.12203606963157654
0.02033943310379982
0.026854950934648514
0.029655037447810173
0.0296024177223444
0.06864370405673981
0.06477609276771545
0.019708769395947456
0.021990016102790833
0.037789203226566315
0.014253489673137665
0.027083255350589752
0.01546324510127306
0.024541188031435013
0.022796835750341415
0.05728691443800926
0.007312455680221319
0.11445078253746033
0.1273660510778427
0.030559983104467392
0.013049525208771229
0.01682036742568016
0.01848808489739895
0.0945754200220108
0.021311894059181213
0.17832964658737183
0.01829111948609352
0.011125529184937477
0.018090834841132164
0.044648636132478714
0.10822009295225143
0.012793412432074547
0.019659005105495453
0.06976597011089325
0.022383132949471474
0.01909191906452179
0.06085924804210663
0.01207357831299305
0.018114209175109863
0.07968611270189285
0.10224488377571106
0.2644343078136444
0.03937694802880287
0.023574642837047577
0.05218835175037384
0.06887692958116531
0.01083438191562891
0.3339955806732178
0.40692663192749023
0.17572055757045746
0.027911683544516563
0.011770281940698624
0.06279521435499191
0.01681048795580864
0.012267664074897766
0.012504559941589832
0.017785659059882164
0.03333419933915138
0.019851505756378174
0.039546407759189606
0.017040176317095757
0.04132191091775894
0.014849717728793621
0.03884844481945038
0.010163274593651295
0.03188976272940636
0.055412981659173965
0.025087472051382065
0.029047096148133278
0.019135868176817894
0.014280273579061031
0.0122348228469491
0.05858630686998367
0.1676574945449829
0.010530914179980755
0.017514633014798164
0.10483157634735107
0.06392400711774826
0.015348835848271847
0.03688925504684448
0.09421977400779724
0.018269890919327736
0.013741125352680683
0.012257416732609272
0.0690593272447586
0.06451170891523361
0.4160114526748657
0.04030510410666466
0.01634570024907589
0.03817149996757507
0.06914490461349487
0.015630125999450684
0.01645651087164879
0.03327715024352074
0.5225726366043091
0.24903114140033722
0.017936360090970993
0.10882038623094559
0.0488642156124115
0.03062906302511692
0.008151788264513016
0.027968620881438255
0.034762680530548096
0.013593124225735664
0.029900187626481056
0.1295279711484909
0.011125609278678894
0.03915342316031456
0.22749586403369904
0.24051105976104736
0.05033063516020775
0.0315437987446785
0.023533673956990242
0.17698992788791656
0.029540320858359337
0.0382942296564579
0.037052690982818604
0.052800871431827545
0.02563578076660633
0.2313767522573471
0.04011723771691322
0.16493286192417145
0.03638515993952751
0.06737407296895981
0.042708251625299454
0.016205500811338425
0.010341399349272251
0.044856712222099304
0.05117648094892502
0.022469593212008476
0.2639385461807251
0.0824991911649704
0.026432106271386147
0.03310791030526161
0.09577830135822296
0.03471538797020912
0.2534325122833252
0.5739551782608032
0.040705811232328415
0.021653445437550545
0.04013947397470474
0.09966383129358292
0.008837046101689339
0.0766415148973465
0.01969914510846138
0.0787145122885704
0.06625685840845108
0.018987564370036125
0.020876141265034676
0.005246942397207022
0.031981419771909714
0.01806977204978466
0.028737550601363182
0.0536089725792408
0.03226335346698761
0.08485838025808334
0.017458979040384293
0.00936412625014782
0.18383051455020905
0.01548189576715231
0.049833621829748154
0.043505605310201645
0.011726235039532185
0.007018442265689373
0.03516963869333267
0.04694230854511261
0.10768141597509384
0.051093924790620804
0.018437759950757027
0.012186611071228981
0.053373873233795166
0.06091003492474556
0.01651027426123619
0.14102791249752045
0.12653785943984985
0.01986856572329998
0.046683285385370255
0.032360658049583435
0.1422674059867859
0.008371483534574509
0.01754818670451641
0.019852686673402786
0.025654694065451622
0.02172226645052433
0.20452335476875305
0.016854090616106987
0.01280119176954031
0.01851116307079792
0.08316629379987717
0.08903301507234573
0.03919973224401474
0.21444202959537506
0.021739697083830833
0.033622946590185165
0.0493934266269207
0.0494910329580307
0.15994709730148315
0.02546384371817112
0.017550300806760788
0.018638435751199722
0.008672282099723816
0.4463905096054077
0.01251766737550497
0.01584218442440033
0.17371872067451477
0.016795391216874123
0.035947032272815704
0.03095385432243347
0.08155710250139236
0.11528794467449188
0.01974269561469555
0.03070848248898983
0.1941293478012085
0.03777317330241203
0.025093339383602142
0.0259740948677063
0.08521202206611633
0.0172014981508255
0.027097167447209358
0.006905456073582172
0.013985935598611832
0.11081261932849884
0.04858584702014923
0.022363046184182167
0.018011195585131645
0.04588417708873749
0.016590839251875877
0.025581035763025284
0.04494168609380722
0.25541141629219055
0.020009810104966164
0.013642925769090652
0.01032189093530178
0.016846273094415665
0.1507740467786789
0.015174474567174911
0.029212573543190956
0.10034599900245667
0.03674599528312683
0.03928873687982559
0.013348358683288097
0.01708560809493065
0.06386559456586838
0.15978895127773285
0.031508415937423706
0.03854493796825409
0.04029809311032295
0.017821436747908592
0.023119192570447922
0.010170385241508484
0.012666710652410984
0.03241575136780739
0.3451939523220062
0.018346577882766724
0.021202269941568375
0.04095460847020149
0.01579885743558407
0.04010157287120819
0.018273500725626945
0.024906573817133904
0.04188508167862892
0.3141561448574066
0.0999993160367012
0.019825370982289314
0.36914706230163574
0.08236853033304214
0.026480717584490776
0.023766038939356804
0.04716094955801964
0.19386978447437286
0.013483152724802494
0.021647606045007706
0.05702042952179909
0.0435023196041584
0.05472201853990555
0.014753749594092369
0.023284772410988808
0.021646462380886078
0.016966063529253006
0.016634756699204445
0.01800168864428997
0.08250205963850021
0.013857084326446056
0.09728091210126877
0.012661284767091274
0.03302546218037605
0.01701214723289013
0.004767938517034054
0.033554013818502426
0.01365345623344183
0.028884563595056534
0.03290762007236481
0.031558502465486526
0.17362600564956665
0.051498107612133026
0.014998804777860641
0.07652464509010315
0.01262202113866806
0.09168890118598938
0.015255434438586235
0.053030140697956085
0.03159338980913162
0.018027180805802345
0.020341094583272934
0.007667872589081526
0.010096389800310135
0.015943340957164764
0.030188824981451035
0.01670302450656891
0.02899187244474888
0.033699046820402145
0.06919543445110321
0.04666683450341225
0.020174693316221237
0.014550618827342987
0.05492236465215683
0.05007514730095863
0.02415151335299015
0.01603781431913376
0.16056890785694122
0.2246973216533661
0.031154200434684753
0.030009625479578972
0.012573421001434326
0.062395695596933365
0.016082067042589188
0.009851532988250256
0.0172557570040226
0.024907365441322327
0.007668758742511272
0.05132049322128296
0.044700831174850464
0.07850911468267441
0.01313845906406641
0.014029089361429214
0.03251377120614052
0.022401899099349976
0.09175411611795425
0.14097146689891815
0.0504247210919857
0.02652212791144848
0.054576143622398376
0.05769988149404526
0.1433868557214737
0.04206041991710663
0.007483875844627619
0.018866462633013725
0.5400872230529785
0.05862457677721977
0.07271073013544083
0.13307373225688934
0.031992048025131226
0.15806391835212708
0.06968355923891068
0.18389447033405304
0.02171928435564041
0.00952131301164627
0.07901562750339508
0.12334267795085907
0.012139894999563694
0.05003149062395096
0.022230666130781174
0.02897007018327713
0.029330071061849594
0.01957174576818943
0.038075536489486694
0.03486194089055061
0.04529784619808197
0.01783466897904873
0.011500165797770023
0.013335218653082848
0.013618754222989082
0.018211960792541504
0.022027019411325455
0.04464027285575867
0.03341268002986908
0.10996156185865402
0.19696688652038574
0.01932506076991558
0.0781133845448494
0.04713850095868111
0.07539356499910355
0.07848645001649857
0.025057120248675346
0.03813925012946129
0.25971144437789917
0.03140636160969734
0.029027191922068596
0.02150876820087433
0.06967025250196457
0.06475022435188293
0.068596251308918
0.02971893735229969
0.1203833669424057
0.016878657042980194
0.02307756431400776
0.07166460156440735
0.013073068112134933
0.008665336295962334
0.19401325285434723
0.025222957134246826
0.03217971697449684
0.03856038302183151
0.02456246316432953
0.052336689084768295
0.030305994674563408
0.013676553964614868
0.035667721182107925
0.5658413171768188
0.03550804778933525
0.03336305171251297
0.00844111479818821
0.03232597932219505
0.14253465831279755
0.07135381549596786
0.0992550253868103
0.05370812490582466
0.02361762709915638
0.0073465099558234215
0.03405994921922684
0.024187156930565834
0.35281968116760254
0.012296630069613457
0.020523732528090477
0.08724094927310944
0.010646035894751549
0.17825086414813995
0.07603513449430466
0.025924818590283394
0.016386767849326134
0.052967365831136703
0.01639445312321186
0.026489069685339928
0.008826492354273796
0.05298963561654091
0.05159413814544678
0.043439831584692
0.10163877159357071
0.06996992975473404
0.053579289466142654
0.038501206785440445
0.1284162700176239
0.02832982875406742
0.053385235369205475
0.2442491054534912
0.012016679160296917
0.04467618837952614
0.01537531241774559
0.042378250509500504
0.07240238040685654
0.035093601793050766
0.0179909598082304
0.03010942041873932
0.027902405709028244
0.39323875308036804
0.050566695630550385
0.0924079641699791
0.012951038777828217
0.2662437856197357
0.02105122245848179
0.017831992357969284
0.03418504446744919
0.053244706243276596
0.05703700706362724
0.13138608634471893
0.014026541262865067
0.010872317478060722
0.010224335826933384
0.20106124877929688
0.016832157969474792
0.019731834530830383
0.0522652305662632
0.05361858755350113
0.08399780094623566
0.023521138355135918
0.03785083815455437
0.04116172343492508
0.022293100133538246
0.041584648191928864
0.015387066639959812
0.04765288904309273
0.02083502896130085
0.04329679161310196
0.015316699631512165
0.03869377821683884
0.024000128731131554
0.019907299429178238
0.03425519913434982
0.16890278458595276
0.00881371833384037
0.09665951132774353
0.07688622921705246
0.017831822857260704
0.017352735623717308
0.017826197668910027
0.014077356085181236
0.036934830248355865
0.015365376137197018
0.021463526412844658
0.01023638155311346
0.009966213256120682
0.017791572958230972
0.016896482557058334
0.007648053579032421
0.00901554524898529
0.033466827124357224
0.025300441309809685
0.02225886657834053
0.03136874735355377
0.022637465968728065
0.00950538832694292
0.08801901340484619
0.055018577724695206
0.0610811710357666
0.027182884514331818
0.04480411857366562
0.009015923365950584
0.040997207164764404
0.09591548889875412
0.13902080059051514
0.09336584061384201
0.015836745500564575
0.07913271337747574
0.03238353133201599
0.15221664309501648
0.009029777720570564
0.016020823270082474
0.10112027823925018
0.03484807908535004
0.0232953280210495
0.05590777099132538
0.031051890924572945
0.26602983474731445
0.07309940457344055
0.27662113308906555
0.10872302949428558
0.03856968879699707
0.028346899896860123
0.00804954580962658
0.2101752758026123
0.060075681656599045
0.04562434181571007
0.011348757892847061
0.08840242773294449
0.007089774124324322
0.1084471344947815
0.041717734187841415
0.18214373290538788
0.04956554248929024
0.09616206586360931
0.07690957933664322
0.021840566769242287
0.031571947038173676
0.02290726825594902
0.10004153102636337
0.014909232035279274
0.07088209688663483
0.011056630872189999
0.021621380001306534
0.01196652464568615
0.7448763847351074
0.05990222841501236
0.027775470167398453
0.021602805703878403
0.03541823476552963
0.04093901440501213
0.02521798573434353
0.09725810587406158
0.111076220870018
0.01805841363966465
0.018364442512392998
0.006827544420957565
0.01838892325758934
0.01762983947992325
0.09931961447000504
0.05062578618526459
0.01887941174209118
0.11626587808132172
0.04046044871211052
0.09129814058542252
0.06469184905290604
0.11510678380727768
0.06348712742328644
0.027088573202490807
0.03191009908914566
0.019403470680117607
0.026972537860274315
0.01859775185585022
0.08904895931482315
0.05369482561945915
0.19665417075157166
0.1407170593738556
0.03573743626475334
0.026652788743376732
0.014693554490804672
0.021195808425545692
0.024033760651946068
0.014520990662276745
0.04797593876719475
0.05957181751728058
0.2844080328941345
0.04086976870894432
0.02246471866965294
0.00806815642863512
0.02252708561718464
0.06457538902759552
0.012730644084513187
0.08990442752838135
0.10083885490894318
0.0342242531478405
0.0766444206237793
0.05103486776351929
0.015685733407735825
0.030330367386341095
0.016842102631926537
0.08606860041618347
0.08715134859085083
0.021861614659428596
0.00945119559764862
0.18577556312084198
0.18641415238380432
0.021136537194252014
0.17101828753948212
0.1075194850564003
0.02108220010995865
0.023593394085764885
0.060313496738672256
0.06745582073926926
0.048805560916662216
0.17252948880195618
0.08054357022047043
0.03056197613477707
0.02491406351327896
0.08749781548976898
0.03752916678786278
0.011182444170117378
0.07895693182945251
0.041806910187006
0.021483028307557106
0.056017424911260605
0.0222584530711174
0.01884356513619423
0.014494801871478558
0.0260587390512228
0.03068404644727707
0.06024807691574097
0.016050053760409355
0.11771242320537567
0.01487019658088684
0.319830983877182
0.018280578777194023
0.027565056458115578
0.07069136947393417
0.020014571025967598
0.10672847181558609
0.007943015545606613
0.03662170469760895
0.06079825758934021
0.030890805646777153
0.016199739649891853
0.02932298555970192
0.02024112641811371
0.06050604209303856
0.040536414831876755
0.06939121335744858
0.010023560374975204
0.2613120675086975
0.117204450070858
0.07292961329221725
0.027801766991615295
0.020414207130670547
0.1781352013349533
0.020437967032194138
0.01258634403347969
0.028280086815357208
0.03175831213593483
0.07292117923498154
0.017030851915478706
0.042209818959236145
0.011113201268017292
0.36319416761398315
0.01815629191696644
0.009713777340948582
0.05182759836316109
0.013189945369958878
0.019410578534007072
0.03193860873579979
0.08932080119848251
0.018626611679792404
0.027929754927754402
0.6181341409683228
0.023574845865368843
0.010729644447565079
0.0676463320851326
0.043830323964357376
0.013493885286152363
0.025264866650104523
0.026801463216543198
0.04159747436642647
0.21619343757629395
0.012174708768725395
0.027838362380862236
0.031818412244319916
0.08238247036933899
0.05977068468928337
0.07783815264701843
0.01959136687219143
0.025153981521725655
0.0085591496899724
0.010969530791044235
0.03764977306127548
0.028944019228219986
0.1243734359741211
0.07695239782333374
0.059266574680805206
0.040383480489254
0.021750586107373238
0.01705475151538849
0.01967187598347664
0.08755013346672058
0.01999243162572384
0.01352963037788868
0.02642764337360859
0.08208650350570679
0.08939255774021149
0.012177892960608006
0.02662498690187931
0.012526859529316425
0.13897216320037842
0.02072775736451149
0.09358475357294083
0.02811368554830551
0.027112120762467384
0.013223756104707718
0.03001519665122032
0.07703595608472824
0.013570661656558514
0.016955029219388962
0.010305128991603851
0.08923596888780594
0.02735801972448826
0.013137084431946278
0.026952585205435753
0.03472194820642471
0.04710700362920761
0.0681704729795456
0.15740478038787842
0.015934254974126816
0.026230478659272194
0.02035769633948803
0.02307872660458088
0.006497908849269152
0.11862584203481674
0.035808563232421875
0.019502198323607445
0.05534088984131813
0.021910488605499268
0.09157582372426987
0.019257372245192528
0.010512424632906914
0.11116209626197815
0.01947767660021782
0.22566546499729156
0.1301068812608719
0.009597630240023136
0.03572623431682587
0.354072242975235
0.013344538398087025
0.020783808082342148
0.052710212767124176
0.01397149171680212
0.04307044669985771
0.0615970641374588
0.09035250544548035
0.022900467738509178
0.018528569489717484
0.021368427202105522
0.01804189756512642
0.006084722932428122
0.015887845307588577
0.022305967286229134
0.05678172782063484
0.005948872771114111
0.007174886297434568
0.0321849100291729
0.025399260222911835
0.044170379638671875
0.05619401857256889
0.030627869069576263
0.03674203157424927
0.05582874268293381
0.30729782581329346
0.08780460804700851
0.016246821731328964
0.1398402899503708
0.13046608865261078
0.016289398074150085
0.017191119492053986
0.02202376164495945
0.024907059967517853
0.02229280024766922
0.1157497689127922
0.005946734454482794
0.29110291600227356
0.009967217221856117
0.006600266322493553
0.215622678399086
0.16946300864219666
0.08712082356214523
0.4102548062801361
0.3039751946926117
0.013811233453452587
0.011646183207631111
0.012959130108356476
0.03050783835351467
0.055082544684410095
0.027664480730891228
0.042876504361629486
0.041620541363954544
0.02218744531273842
0.10980455577373505
0.02637203224003315
0.04564967006444931
0.08972986787557602
0.028043173253536224
0.011204804293811321
0.12281975895166397
0.25900566577911377
0.22143292427062988
0.25209060311317444
0.037518929690122604
0.018476473167538643
0.02507435344159603
0.02938663959503174
0.025645941495895386
0.14262430369853973
0.012821115553379059
0.36364686489105225
0.03191550821065903
0.009283781982958317
0.0575450100004673
0.019465815275907516
0.0392572246491909
0.08947855234146118
0.04970284551382065
0.05409538000822067
0.03175773844122887
0.015315340831875801
0.02570902183651924
0.03181412070989609
0.046816207468509674
0.07690224051475525
0.0128388786688447
0.01168037112802267
0.015656407922506332
0.012591036967933178
0.045666106045246124
0.01594899408519268
0.1190236508846283
1.7667393684387207
0.045085374265909195
0.04234105348587036
0.032433781772851944
0.023961586877703667
0.024058982729911804
0.018872598186135292
0.010270895436406136
0.21244865655899048
0.01917201839387417
0.0343732088804245
0.03152581676840782
0.016677411273121834
0.03526422008872032
0.024958692491054535
0.030272789299488068
0.06717398762702942
0.040520038455724716
0.024571333080530167
0.005963468458503485
0.05324038118124008
0.014597861096262932
0.00849190540611744
0.20840784907341003
0.039525557309389114
0.09301777184009552
0.39930203557014465
0.016501782462000847
0.052813492715358734
0.013083304278552532
0.022671164944767952
0.02842807210981846
0.011066243052482605
0.10531629621982574
0.009384537115693092
0.021788446232676506
0.627955973148346
0.01722813956439495
0.036607228219509125
0.0455850288271904
0.032868582755327225
0.013117540627717972
0.11777963489294052
0.42951077222824097
0.0869506224989891
0.023685447871685028
0.06308191269636154
0.0527675487101078
0.025041084736585617
0.03879895433783531
0.07925422489643097
0.038793765008449554
0.017143506556749344
0.161976158618927
0.02397221326828003
0.022730082273483276
0.032006729394197464
0.02210243232548237
0.03812398761510849
0.010571547783911228
0.06656884402036667
0.017760446295142174
0.06290452182292938
0.07688655704259872
0.016440942883491516
0.13031159341335297
0.05671149119734764
0.010098910890519619
0.01978449895977974
0.020330760627985
0.013448253273963928
0.012063409201800823
0.07316756993532181
0.07509426027536392
0.09628612548112869
0.02015119045972824
0.23759494721889496
0.015392296016216278
0.18474899232387543
0.09480859339237213
0.011212456971406937
0.03904876857995987
0.01100546307861805
0.014169330708682537
0.0164202768355608
0.0635417103767395
0.018024666234850883
0.007559260353446007
0.03074200637638569
0.05873313173651695
0.015216662548482418
0.012575972825288773
0.3545655906200409
0.04589475691318512
0.03759000077843666
0.06377751380205154
0.019039731472730637
0.01188527699559927
0.06628575176000595
0.03140430524945259
0.13136130571365356
0.016271010041236877
0.03908297419548035
0.017978034913539886
0.024367356672883034
0.037472933530807495
0.03160066157579422
0.024636659771203995
0.02117263339459896
0.0238360408693552
0.11158259212970734
0.05277283862233162
0.016865627840161324
0.09403269737958908
0.14521461725234985
0.03938881680369377
0.21983158588409424
0.058655738830566406
0.05414464697241783
0.026319997385144234
0.03831380233168602
0.02260570228099823
0.23253224790096283
0.09514820575714111
0.016461879014968872
0.010004998184740543
0.03381848335266113
0.14658910036087036
0.008450597524642944
0.014236750081181526
0.03263358399271965
0.01016909722238779
0.030564943328499794
0.01168539933860302
0.028067464008927345
0.0845106989145279
0.02100451849400997
0.027736306190490723
0.14617249369621277
0.021005000919103622
0.01665976457297802
0.01656312867999077
0.022122640162706375
0.05979486554861069
0.04915377125144005
0.13146153092384338
0.06541803479194641
0.13587307929992676
0.03967845067381859
0.04191651567816734
0.022642187774181366
0.026739344000816345
0.03882511332631111
0.05753793939948082
0.02471904829144478
0.21862806379795074
0.033662278205156326
0.09322553128004074
0.03123263083398342
0.024817470461130142
0.02755565382540226
0.009325524792075157
0.017774665728211403
0.02597653679549694
0.24641767144203186
0.02200905792415142
0.023365428671240807
0.00900806114077568
0.2910897135734558
0.01606019213795662
0.006555948406457901
0.16109690070152283
0.012110745534300804
0.0405554361641407
0.10391165316104889
0.02733537182211876
0.03922852873802185
0.037012726068496704
0.026164747774600983
0.049456752836704254
0.11260517686605453
0.011234789155423641
0.022541124373674393
0.016401398926973343
0.011739677749574184
0.030231865122914314
0.19932270050048828
0.03815947845578194
0.011803191155195236
0.07494235038757324
0.013533873483538628
0.06901238113641739
0.02320042997598648
0.009243665263056755
0.015453814528882504
0.006589098833501339
0.0637793242931366
0.2669748067855835
0.018048560246825218
0.07148954272270203
0.06994763761758804
0.0199925247579813
0.023160960525274277
0.2461637556552887
0.06279096007347107
0.009884379804134369
0.07546919584274292
0.055627159774303436
0.0055650705471634865
0.030879586935043335
0.012482397258281708
0.31734228134155273
0.013956800103187561
0.010456288233399391
0.012017915956676006
0.019908474758267403
0.009417126886546612
0.01630544289946556
0.0397820770740509
0.014178336597979069
0.06530100852251053
0.06558379530906677
0.030331561341881752
0.09976433217525482
0.04696395993232727
0.016353551298379898
1.068669319152832
0.03850837051868439
0.01639052852988243
0.055905748158693314
0.040641043335199356
0.01348443329334259
0.010703589767217636
0.022146400064229965
0.034514594823122025
0.08506299555301666
0.03885991871356964
0.042220212519168854
0.01525915414094925
0.16751575469970703
0.03802233934402466
0.16030220687389374
0.01841837726533413
0.2008339911699295
0.04392047971487045
0.02927549183368683
0.07195468246936798
0.011114465072751045
0.021679703146219254
0.029181329533457756
0.004724867641925812
0.024115247651934624
0.018966400995850563
0.019987957552075386
0.019384944811463356
0.014637801796197891
0.07094195485115051
0.10263866186141968
0.09045904129743576
0.02454843930900097
0.4628402888774872
0.029417384415864944
0.08828365057706833
0.020001498982310295
0.30066946148872375
0.018784653395414352
0.048204369843006134
0.019186917692422867
0.029505755752325058
0.015660149976611137
0.017790067940950394
0.03490530699491501
0.04312019795179367
0.15859085321426392
0.03122478723526001
0.037310995161533356
0.03568892925977707
0.06017987057566643
0.01085501816123724
0.015821009874343872
0.017066704109311104
0.0580434687435627
0.13472980260849
0.03448401391506195
0.015713036060333252
0.01881236582994461
0.029720675200223923
0.014580014161765575
0.019944585859775543
0.056419625878334045
0.09668450802564621
0.017875852063298225
0.02533678524196148
0.10986006259918213
0.03642900660634041
0.015911754220724106
0.031512580811977386
0.04330602288246155
0.08785121142864227
0.008066864684224129
0.1808326691389084
0.013072480447590351
0.007825689390301704
0.025423694401979446
0.04885801300406456
0.013791559264063835
0.026992807164788246
0.042274512350559235
0.00907178409397602
0.007968259043991566
0.010343052446842194
0.009907376952469349
0.022064629942178726
0.03620429337024689
0.03249981626868248
0.010220294818282127
0.0315825454890728
0.03696392849087715
0.05505472794175148
0.05171162635087967
0.04475891590118408
0.005416211672127247
0.01621343195438385
0.026410290971398354
0.009280048310756683
0.015494545921683311
0.015058686025440693
0.010939978994429111
0.0856001228094101
0.1812228262424469
0.02775740809738636
0.05286790803074837
0.018376929685473442
0.6086912155151367
0.03622137010097504
0.020440880209207535
0.006143571343272924
0.018992405384778976
0.037780918180942535
0.01638752408325672
0.0229350533336401
0.022145841270685196
0.03533012792468071
0.03156261891126633
0.03538349270820618
0.02736867591738701
0.03463713079690933
0.06179254874587059
0.01269754022359848
0.02483014576137066
0.00946481991559267
0.05701900273561478
0.04996231570839882
0.01586718112230301
0.015564044006168842
0.11606425046920776
0.04077256843447685
0.03301076218485832
0.06073691323399544
0.023738080635666847
0.02356923371553421
0.13758398592472076
0.030783452093601227
0.02656613476574421
0.04161133989691734
0.03996739536523819
0.2174617499113083
0.009009962901473045
0.023603655397892
0.15071091055870056
0.024959426373243332
0.009582052938640118
0.014114489778876305
0.21990716457366943
0.023354308679699898
0.013730190694332123
0.022165341302752495
0.023621458560228348
0.016913002356886864
0.025102831423282623
0.02453293651342392
0.019489463418722153
0.14440356194972992
0.011228769086301327
0.037354931235313416
0.018663087859749794
0.02174229547381401
0.05796746164560318
0.023864785209298134
0.03769147768616676
0.013050339184701443
0.0663965716958046
0.02780771069228649
0.12772704660892487
0.008449059911072254
0.0140894940122962
0.058477941900491714
0.12158036231994629
0.06102295219898224
0.0232988428324461
0.011259740218520164
0.06220559775829315
0.02051106095314026
0.02319556474685669
0.13873274624347687
0.0356619730591774
0.036184731870889664
0.13411396741867065
0.027834391221404076
0.021726587787270546
0.027545733377337456
0.02506745234131813
0.05418308824300766
0.05161922425031662
0.05682436749339104
0.10300721973180771
0.009263012558221817
0.03377441316843033
0.020876675844192505
0.051121219992637634
0.028914734721183777
0.01351124793291092
0.04195985570549965
0.04706016555428505
0.020213577896356583
0.01616806350648403
0.020526694133877754
0.03224075213074684
0.019575126469135284
0.019683271646499634
0.02451423928141594
0.029528604820370674
0.07016021758317947
0.038672178983688354
0.06066989526152611
0.02035292610526085
0.09963155537843704
0.02040095627307892
0.09360659867525101
0.027195893228054047
1.2519806623458862
0.025046683847904205
0.008318204432725906
0.056977443397045135
0.05414774641394615
0.050889428704977036
0.03861827403306961
0.03978010267019272
0.04819260537624359
0.0884878858923912
0.03383380174636841
0.09143933653831482
0.04246652498841286
0.030325064435601234
0.023828553035855293
0.015392747707664967
0.015637928619980812
0.21195363998413086
0.10706083476543427
0.024445418268442154
0.019270509481430054
0.046805817633867264
0.026425253599882126
0.030003834515810013
0.06532952189445496
0.08425460755825043
0.012609006837010384
0.05205254256725311
0.031641073524951935
0.018585065379738808
0.0243055522441864
0.05564211681485176
0.08593437820672989
0.03577890992164612
0.03170447796583176
0.020302219316363335
0.02511608973145485
0.17269492149353027
0.03399854153394699
0.04975079745054245
0.009940288960933685
0.11575546115636826
0.1154697835445404
0.019604656845331192
0.07097045332193375
0.035189900547266006
0.060782771557569504
0.04740992188453674
0.0205234382301569
0.0707518607378006
0.020939169451594353
0.03036290779709816
0.1608663946390152
0.02520708180963993
0.06543003022670746
0.030384346842765808
0.016795054078102112
0.01169484294950962
0.020820273086428642
0.06725455075502396
0.03138582408428192
0.018970275297760963
0.03138932213187218
0.014892925508320332
0.04127294570207596
0.12737149000167847
0.019976051524281502
0.02051965333521366
0.025806676596403122
0.08697634935379028
0.038160428404808044
0.014246967621147633
0.06739546358585358
0.06257527321577072
0.02731672301888466
0.11471153795719147
0.02775529958307743
0.019888535141944885
0.19863757491111755
0.02257259003818035
0.04125585779547691
0.18643073737621307
0.01796681061387062
0.09847083687782288
0.014652022160589695
0.03468786180019379
0.05651119351387024
0.3477427661418915
0.1336824595928192
0.08282679319381714
0.0201390590518713
0.1251513957977295
0.0178177822381258
0.026320334523916245
0.014474472030997276
0.07165137678384781
0.028132550418376923
0.02992698922753334
0.015286130830645561
0.008841539733111858
0.07626278698444366
0.005305162165313959
0.06620371341705322
0.01840309612452984
0.0823439210653305
0.2249021977186203
0.010395453311502934
0.054942093789577484
0.16966067254543304
0.03785321116447449
0.08081863820552826
0.019696392118930817
0.024999750778079033
0.02289452776312828
0.026351945474743843
0.017384160310029984
0.02574530616402626
0.03269459307193756
0.017690112814307213
0.013347567990422249
0.10970883816480637
0.021350186318159103
0.06659504026174545
0.12191985547542572
0.010714213363826275
0.013808962889015675
0.011513877660036087
0.010167366825044155
0.016816433519124985
0.05397150665521622
0.10702838748693466
0.02942996844649315
0.016423692926764488
0.012222259305417538
0.012551599182188511
0.015856819227337837
0.011714822612702847
0.01720067299902439
0.01631382666528225
0.02561717852950096
0.011022605001926422
0.02570761926472187
0.03292075917124748
0.006626439746469259
0.07655622810125351
0.0867861956357956
0.30991819500923157
0.2520036995410919
0.012365881353616714
0.0817817971110344
0.006633773446083069
0.02007865160703659
0.07867711037397385
0.07637207955121994
0.041460394859313965
0.018759416416287422
0.018299421295523643
0.036302756518125534
0.10278070718050003
0.01682344637811184
0.058463677763938904
0.010452618822455406
0.06154417246580124
0.03506927192211151
0.01814739964902401
0.017359517514705658
0.07878927886486053
0.014464969746768475
0.16888569295406342
0.020340848714113235
0.045529626309871674
0.04086269810795784
0.14647069573402405
0.015524668619036674
0.040760502219200134
0.08334973454475403
0.0614125020802021
0.01472380105406046
0.04852493107318878
0.011453494429588318
0.24401119351387024
0.2765029966831207
0.034926336258649826
0.02448797971010208
0.12747950851917267
0.010018603876233101
0.019765136763453484
0.016260236501693726
0.010845178738236427
0.01634100452065468
0.026349587365984917
0.08841785043478012
0.024639617651700974
0.033192843198776245
0.08169479668140411
0.029011214151978493
0.022707074880599976
0.17006385326385498
0.025084173306822777
0.0937284603714943
0.09149699658155441
0.029355233535170555
0.06669244915246964
0.0488227903842926
0.02792840078473091
0.01473963912576437
0.05523822456598282
0.043605901300907135
0.03240576758980751
0.058652613312006
0.13282641768455505
0.018537309020757675
0.02246742881834507
0.04354861006140709
0.012934771366417408
0.03915393352508545
0.02127840742468834
0.0452972948551178
0.21502681076526642
0.007636148948222399
0.02144622430205345
0.16270101070404053
0.03444565087556839
0.2356446534395218
0.04611015319824219
0.034450456500053406
0.07493190467357635
0.013623204082250595
0.017015589401125908
0.015407335944473743
0.04489509016275406
0.014007559977471828
0.11669372767210007
0.1541057527065277
0.043479058891534805
0.09068725258111954
0.019658010452985764
0.03022676706314087
0.028748922049999237
0.26384255290031433
0.01928160898387432
0.008716537617146969
0.06461568176746368
0.027408583089709282
0.1296473890542984
0.041711803525686264
0.23144982755184174
0.12823010981082916
0.04206658899784088
0.0415930449962616
0.04006781056523323
0.03187277540564537
0.03193984553217888
0.021824868395924568
0.028416143730282784
0.014160278253257275
0.052686817944049835
0.013174667954444885
0.09055185317993164
1.6995558738708496
0.043039340525865555
0.05292164161801338
0.04604951664805412
0.054144322872161865
0.02359689027070999
0.06688901782035828
0.21846584975719452
0.1020452007651329
0.027397774159908295
0.027374267578125
0.20272225141525269
0.01874825358390808
0.035561688244342804
0.12631523609161377
0.04754449799656868
0.01531260460615158
0.009050603024661541
0.026187613606452942
0.016107227653265
0.02524515800178051
0.08596628904342651
0.06849603354930878
0.03654675558209419
0.01436155941337347
0.013012903742492199
0.026232754811644554
0.09624599665403366
0.09666913747787476
0.022002367302775383
0.2044675648212433
0.013005266897380352
0.03368503600358963
0.014759762212634087
0.21253469586372375
0.11985164880752563
0.05954231321811676
0.018474074080586433
0.01703752763569355
0.014540310949087143
0.026858514174818993
0.03479486703872681
0.12825988233089447
0.0247237216681242
0.01100318506360054
0.0985875278711319
0.018061887472867966
0.031688980758190155
0.04699759930372238
0.009548673406243324
0.053760282695293427
0.04620905965566635
0.025398630648851395
0.012463320977985859
0.03861004114151001
0.0802469253540039
0.2302546203136444
0.028778867796063423
0.045355115085840225
0.17728865146636963
0.01053823996335268
0.0857112929224968
0.032866086810827255
0.027709951624274254
0.33534133434295654
0.020441127941012383
0.10654239356517792
0.02495316043496132
0.016652874648571014
0.019908936694264412
0.024711012840270996
0.01654187962412834
0.023433241993188858
0.03124566748738289
0.007239503785967827
0.04256441071629524
0.020578863099217415
0.033497389405965805
0.02763664536178112
0.015386449173092842
0.1524680256843567
0.046920403838157654
0.023592811077833176
0.010377546772360802
0.03987320885062218
0.011628763750195503
0.030455229803919792
0.018578963354229927
0.016111105680465698
0.022111281752586365
0.011267675086855888
0.01731778122484684
1.1124213933944702
0.043051447719335556
0.009219839237630367
0.15379533171653748
0.10487285256385803
0.01898275688290596
0.016320841386914253
0.00885635707527399
0.01108764298260212
0.05394088849425316
0.12025138735771179
0.04298488050699234
0.01561014261096716
0.022352447733283043
0.01851372793316841
0.024979691952466965
0.03187678009271622
0.04127495363354683
0.22852778434753418
0.02193799987435341
0.015531175769865513
0.012567820958793163
0.03816577419638634
0.04092506691813469
0.03674209862947464
0.02104901894927025
0.01010226272046566
0.014415228739380836
0.02212553843855858
0.02859320119023323
0.02910354919731617
0.020371921360492706
0.010943996720016003
0.012200783006846905
0.028129493817687035
0.0326370969414711
0.03237156942486763
0.1210608258843422
0.014615848660469055
0.02094811573624611
0.02343444526195526
0.042011991143226624
0.009388691745698452
0.07041317969560623
0.017077915370464325
0.007875289767980576
0.038391370326280594
0.05273527279496193
0.11310601979494095
0.03318797051906586
0.0805831253528595
0.008835525251924992
0.043201230466365814
0.0412854440510273
0.13724800944328308
0.03619611635804176
0.08036132901906967
0.13320346176624298
0.03510052710771561
0.018818382173776627
0.11004223674535751
0.01746373437345028
0.01377987302839756
0.06416814774274826
0.012280021794140339
0.0375613309442997
0.01418886985629797
0.02474985085427761
0.023661425337195396
0.025176486000418663
0.00956497248262167
0.03932895138859749
0.3303881287574768
0.01923428289592266
0.014605843462049961
0.014638695865869522
0.02920595183968544
0.021380743011832237
0.018437528982758522
0.011285035870969296
0.1791912168264389
0.04347950220108032
0.03752885386347771
0.03215105086565018
0.030768755823373795
0.034215398132801056
0.009278582409024239
0.018121473491191864
0.008573580533266068
0.06921739876270294
0.019552970305085182
0.03374703973531723
0.024399830028414726
0.1585811972618103
0.06548456102609634
0.1479645073413849
0.16983811557292938
0.008424872532486916
0.018448753282427788
0.2199850082397461
0.16432294249534607
0.009684772230684757
0.014224658720195293
0.10968469828367233
0.3849216401576996
0.011856934055685997
0.03314673900604248
0.05092427134513855
0.0727042555809021
0.049218952655792236
0.049483682960271835
0.03947920352220535
0.07256373018026352
0.0661880224943161
0.1824652999639511
0.03889445215463638
0.030599569901823997
0.028090575709939003
0.05884493887424469
0.014385798946022987
0.08644512295722961
0.011022742837667465
0.024069784209132195
0.033126212656497955
0.0637521743774414
0.08745529502630234
0.040547773241996765
0.015861596912145615
0.06046926602721214
0.015334880910813808
0.07499520480632782
0.012744416482746601
0.040608905255794525
0.1859845221042633
0.01659000664949417
0.4093714952468872
0.043684136122465134
0.08786649256944656
0.061538662761449814
0.06329400837421417
0.16624896228313446
0.0784020647406578
0.11302044242620468
0.010089057497680187
0.06120995804667473
0.026956789195537567
0.03916482999920845
0.08847838640213013
0.032565854489803314
0.0642320066690445
0.03651953861117363
0.01285253744572401
0.024001704528927803
0.027440814301371574
0.07481050491333008
0.027387160807847977
0.011558812111616135
0.023765835911035538
0.01734665408730507
0.05330262333154678
0.08681125193834305
0.01476232148706913
0.09028047323226929
0.014279797673225403
0.01092347502708435
0.05676094815135002
0.0835922509431839
0.09706039726734161
0.36638107895851135
0.02001400664448738
0.018471630290150642
0.0219429824501276
0.091593898832798
0.03131572902202606
0.055327218025922775
0.02289407141506672
0.31149226427078247
0.22046948969364166
0.0047537884674966335
0.006764868274331093
0.011570638045668602
0.005429834593087435
0.1671529859304428
0.019282525405287743
0.03030891716480255
0.01586921326816082
0.01012603472918272
0.017607012763619423
0.0378776378929615
0.01942629925906658
0.06689593940973282
0.09625930339097977
0.06131498143076897
0.05799495056271553
0.025463087484240532
0.020183837041258812
0.019192654639482498
0.051999833434820175
0.026834921911358833
0.08931300789117813
0.14068832993507385
0.020680129528045654
0.022770872339606285
0.4134753942489624
0.012182383798062801
0.07238363474607468
0.027188517153263092
0.19690273702144623
0.04691444709897041
0.019178304821252823
0.026531167328357697
0.02601018361747265
0.06581632792949677
0.07108837366104126
0.0180940181016922
0.01162073016166687
0.02945025824010372
0.019182246178388596
0.08640232682228088
0.14195168018341064
0.00832446850836277
0.056299444288015366
0.1202765703201294
0.015650805085897446
0.022833600640296936
0.08116279542446136
0.04034871235489845
0.04257196560502052
0.27372702956199646
0.07096545398235321
0.06253363937139511
0.04092211648821831
0.022053007036447525
0.022359680384397507
0.02260841429233551
0.058144308626651764
0.02013433538377285
0.0238218791782856
0.030023932456970215
0.011664792895317078
0.04625885188579559
0.07190679758787155
0.146974116563797
0.05781194195151329
0.030521223321557045
0.0335712805390358
0.010545937344431877
0.07885774970054626
0.04562465846538544
0.013587011024355888
0.022846955806016922
0.03864786773920059
0.049668069928884506
0.008989251218736172
0.038443345576524734
0.06662970036268234
0.02700718864798546
0.030218398198485374
0.01987607218325138
0.021258795633912086
0.051224205642938614
0.1008196547627449
0.036483652889728546
0.008946485817432404
0.0155539121478796
0.01092810183763504
0.04048215597867966
0.024246202781796455
0.06717844307422638
0.049785420298576355
0.13865379989147186
0.018004493787884712
0.013872879557311535
0.02124846912920475
0.06362111866474152
0.19233472645282745
0.04015267640352249
0.013822437264025211
0.016910342499613762
0.05623557046055794
0.06579579412937164
0.06703229993581772
0.0420914925634861
0.027732642367482185
0.02148561179637909
0.23896659910678864
0.052807122468948364
0.04593786597251892
0.054823972284793854
0.010525151155889034
0.05800957977771759
0.025621799752116203
0.1469106823205948
0.05825739726424217
0.06639409810304642
0.04073631763458252
0.501052737236023
0.04688027873635292
0.02294211834669113
2.5769200325012207
0.013417148031294346
0.017926862463355064
0.02735883928835392
0.018625935539603233
0.0812474712729454
0.07713254541158676
0.011655875481665134
0.2821371555328369
0.0786161720752716
0.015362472273409367
0.024300498887896538
0.01950017362833023
0.037884872406721115
0.03717375546693802
0.03568309172987938
0.029276354238390923
0.029590196907520294
0.02766943722963333
0.01679736189544201
0.01004362665116787
0.035426169633865356
0.18370294570922852
0.012029490433633327
0.09944270551204681
0.298503041267395
0.013134493492543697
0.0227466132491827
0.07059875875711441
0.046431656926870346
0.017974715679883957
0.02826545014977455
0.21113944053649902
0.050833914428949356
0.08102759718894958
0.05019620433449745
0.013748922385275364
0.14262498915195465
0.016610823571681976
0.32265156507492065
0.1413235366344452
0.03893321380019188
0.015607025474309921
0.023871032521128654
0.017691219225525856
0.11668181419372559
0.10129693150520325
0.03121175989508629
0.03321995586156845
0.02911093272268772
0.06781039386987686
0.0465187132358551
0.7636664509773254
0.016048558056354523
0.01466061919927597
0.060575854033231735
0.027121691033244133
0.03706645965576172
0.021551653742790222
0.06811586022377014
0.03674676641821861
0.014849701896309853
0.02559279091656208
0.02931876853108406
0.09097825735807419
0.02956443838775158
0.164052352309227
0.02446920797228813
0.006833974272012711
0.08829431980848312
0.021884264424443245
0.031626585870981216
0.027784276753664017
0.019686294719576836
0.03161720559000969
0.029316866770386696
0.05358802527189255
0.04042403772473335
0.07013002038002014
0.016980290412902832
0.04870209842920303
0.027261313050985336
0.027936674654483795
0.011868800036609173
0.021889513358473778
0.01431788969784975
0.013694463297724724
0.01715093106031418
0.12077748775482178
0.017466161400079727
0.04719671979546547
0.03415825217962265
0.1337960809469223
0.06964720040559769
0.07755740731954575
0.05259217321872711
0.02493981644511223
0.37984809279441833
0.07900508493185043
0.019834628328680992
1.7426469326019287
0.016621747985482216
0.17659194767475128
0.034817490726709366
0.06613686680793762
0.07435216009616852
0.10827194154262543
0.06242549046874046
0.10869129747152328
0.22655494511127472
0.031011104583740234
0.04306415095925331
0.013123269192874432
0.0927840992808342
0.05578133836388588
0.015441818162798882
0.010914139449596405
0.05534437298774719
0.03681414946913719
0.010836872272193432
0.03372138738632202
0.026566267013549805
0.023153571411967278
0.018313929438591003
0.034255336970090866
0.02592664584517479
0.013071483932435513
0.03190767765045166
0.07811950147151947
0.20509488880634308
0.08221089839935303
0.021521078422665596
0.027148522436618805
0.01850220374763012
0.009843231178820133
0.04076768830418587
0.045257776975631714
0.022248324006795883
0.04297817498445511
0.012026870623230934
0.03688942641019821
0.027217719703912735
0.029989005997776985
0.13412323594093323
0.10705091804265976
0.02766464278101921
0.008727758191525936
0.012573586776852608
0.06883102655410767
0.00703093409538269
0.022705575451254845
0.10871443152427673
0.014839302748441696
0.024628261104226112
0.08663148432970047
0.034688498824834824
0.02047044411301613
0.10813727974891663
0.14222541451454163
0.020058101043105125
0.02277076616883278
0.010632898658514023
0.02131108194589615
0.027866000309586525
0.013332433998584747
0.019765231758356094
0.03790753334760666
0.017336297780275345
0.04539787396788597
0.029083916917443275
0.05710739269852638
0.09715770930051804
0.05478488281369209
0.057521458715200424
0.22452443838119507
0.011644716374576092
0.016536692157387733
0.08333945274353027
0.011514974758028984
0.014311923645436764
0.014867376536130905
0.22995218634605408
0.027121230959892273
0.017547111958265305
0.0331578366458416
0.01509168092161417
0.008184222504496574
0.07504008710384369
0.023327546194195747
0.6047994494438171
0.032725729048252106
0.06995867192745209
0.009524514898657799
0.009755642153322697
0.020896824076771736
0.11708679795265198
0.02565532922744751
0.02050250954926014
0.08158636093139648
0.019464172422885895
0.513379693031311
0.08854834735393524
0.06459914892911911
0.0403195284307003
0.006741851102560759
0.0373455286026001
0.0303499735891819
0.04862511530518532
0.08064249902963638
0.1022927314043045
0.1469660997390747
0.10956957936286926
0.038386400789022446
0.03120662085711956
0.0349811427295208
0.08057907968759537
0.05441654101014137
0.05706758052110672
0.22517310082912445
0.016829373314976692
0.02378210425376892
0.07785014063119888
0.013132141903042793
0.0189690962433815
0.02108657918870449
0.07537592947483063
0.2906615138053894
0.19917291402816772
0.033282626420259476
0.012739415280520916
0.03859876096248627
0.05779806524515152
0.04955493286252022
0.04434735327959061
0.020449474453926086
0.02616935968399048
0.18429215252399445
0.048607680946588516
0.027350349351763725
0.9042388200759888
0.0971381664276123
0.6518552899360657
0.18566696345806122
0.17611190676689148
0.022920789197087288
0.03442792221903801
0.04837276414036751
0.04082091897726059
0.07291706651449203
0.08632351458072662
0.062336552888154984
0.01367155835032463
0.06167275831103325
0.021232018247246742
0.010656601749360561
0.027153916656970978
0.029671508818864822
0.09675806015729904
0.08707200735807419
0.07472462207078934
0.007926748134195805
0.22373859584331512
0.011448804289102554
0.016130482777953148
0.08882823586463928
0.17721852660179138
0.126404270529747
0.02465500868856907
0.3017696440219879
0.2343795746564865
0.016449665650725365
0.08539213240146637
0.029131818562746048
0.02484465204179287
0.030661143362522125
0.12110348790884018
0.01570831425487995
0.014284432865679264
0.08248348534107208
0.018442168831825256
0.021789206191897392
0.17779961228370667
0.019127558916807175
0.019103452563285828
0.022117752581834793
0.3898427486419678
0.02585885487496853
0.04941676929593086
0.06433679163455963
0.10679195076227188
0.011423895135521889
0.03265722095966339
0.009545081295073032
0.028819050639867783
0.0455445796251297
0.02208901010453701
0.05708663538098335
0.011698663234710693
0.019820716232061386
0.015918459743261337
0.009479355067014694
0.015424869954586029
0.06914426386356354
0.02601541578769684
0.02599434368312359
0.013497311621904373
0.021236415952444077
0.010448002256453037
0.009233735501766205
0.0655362457036972
0.013121778145432472
0.01645539328455925
0.11286415904760361
0.24539989233016968
0.08042997121810913
0.008391777984797955
0.1686602234840393
0.11430881917476654
0.05991280451416969
0.023557322099804878
0.038626767694950104
0.037804070860147476
0.23350805044174194
0.16438190639019012
0.033317483961582184
0.07164839655160904
0.011040429584681988
0.04382674768567085
0.031157730147242546
0.08443283289670944
0.011997850611805916
0.10319708287715912
0.026736922562122345
0.08426745980978012
0.04214373603463173
0.05015886202454567
0.046989548951387405
0.014761768281459808
0.10750284045934677
0.01846473664045334
0.01813044585287571
0.023359496146440506
0.0687570795416832
0.02125087007880211
0.41325756907463074
0.019201353192329407
0.012369893491268158
0.044921670109033585
0.033308662474155426
0.015786780044436455
0.020865553990006447
0.01744730770587921
0.02005716785788536
0.017484169453382492
0.017250055447220802
0.019644582644104958
0.05139729753136635
0.1443074345588684
0.029404165223240852
0.028709029778838158
0.00831607636064291
0.030526334419846535
0.022132087498903275
0.07763311266899109
0.011857799254357815
0.022535022348165512
0.04202469065785408
0.01972707360982895
0.011563523672521114
0.0537925586104393
0.46417000889778137
0.06489971280097961
0.08677953481674194
0.038538768887519836
0.02889644168317318
0.07246982306241989
0.007269995287060738
0.07618389278650284
0.2833540439605713
0.03724982589483261
0.01679787039756775
0.23685912787914276
0.01035789493471384
0.05467008426785469
0.013472783379256725
0.033185869455337524
0.022482628002762794
0.036386143416166306
0.2506624758243561
0.011100727133452892
0.03119407780468464
0.018480030819773674
0.007099035196006298
0.19775578379631042
0.07040086388587952
0.14324329793453217
0.07314393669366837
0.07501032948493958
1.0472874641418457
0.0364687517285347
0.1092706173658371
0.0863700732588768
0.01969609037041664
0.04670041427016258
0.014849751256406307
0.013014192692935467
0.0230494886636734
0.02009381540119648
0.08462795615196228
0.018323620781302452
0.6694321632385254
0.044031329452991486
0.09231080859899521
0.021304557099938393
0.06842159479856491
0.016902998089790344
0.017026139423251152
0.03405604884028435
0.07888652384281158
0.021300815045833588
0.0195289459079504
0.02956709824502468
0.014208229258656502
0.013515150174498558
0.04400748759508133
0.04310315474867821
0.038614898920059204
0.01922900788486004
0.01239471323788166
0.013548092916607857
0.014781014062464237
0.33056139945983887
0.02442857250571251
0.1533992737531662
0.7869184613227844
0.05462881550192833
0.19799058139324188
0.019686592742800713
0.060873184353113174
0.16927918791770935
0.02255089022219181
0.2759431004524231
0.018723171204328537
0.028838615864515305
0.1094323918223381
0.035213928669691086
0.02168799377977848
0.10641800612211227
0.07323627918958664
0.01370022352784872
0.01712096482515335
0.22635313868522644
0.15818536281585693
0.03648533672094345
0.03025534562766552
0.014524264261126518
0.18461088836193085
0.020471837371587753
0.017431672662496567
0.07077933102846146
0.022725673392415047
0.021975670009851456
0.020274756476283073
0.06321639567613602
0.030939778313040733
0.020737813785672188
0.009448318742215633
0.014695659279823303
0.014990664087235928
0.023996450006961823
0.09109161049127579
0.015163270756602287
0.038476381450891495
0.012038961984217167
0.06599900126457214
0.04142466560006142
0.016316460445523262
0.08900640904903412
0.21698777377605438
0.013546057045459747
0.019672071561217308
0.027108395472168922
0.01701933518052101
0.5050997138023376
0.025308435782790184
0.018279168754816055
0.12347935140132904
0.007930397056043148
0.026143955066800117
0.006331396754831076
0.03913798928260803
0.031200850382447243
0.13328559696674347
0.01528891921043396
0.032516345381736755
0.019724221900105476
0.022826310247182846
0.03513789176940918
0.0683477595448494
0.05618412792682648
0.061399899423122406
0.021869465708732605
0.021992918103933334
0.12158026546239853
0.38205182552337646
0.04483887180685997
0.022994522005319595
0.010251295752823353
0.11396726965904236
0.012310869060456753
0.010524343699216843
0.019126543775200844
0.15368691086769104
0.0897320955991745
0.028804684057831764
0.011151106096804142
0.033398907631635666
0.06482747197151184
0.009041856043040752
0.23248723149299622
0.004808885511010885
0.20774753391742706
0.018968826159834862
0.13564139604568481
0.019729694351553917
0.12419430911540985
0.025596585124731064
0.008349142037332058
0.03818754479289055
0.009831761009991169
0.02414419688284397
0.016325693577528
0.12266424298286438
0.05415406823158264
0.024356424808502197
0.012344926595687866
0.012570830062031746
0.043503060936927795
0.03510768711566925
0.4123389720916748
0.0515080951154232
0.014473446644842625
0.026100674644112587
0.1507263481616974
0.011164866387844086
0.10133011639118195
0.025555310770869255
0.009576002135872841
0.027265075594186783
0.5998062491416931
0.019745657220482826
0.08010777831077576
0.046686019748449326
0.016552861779928207
0.019678084179759026
0.03590179979801178
0.020098252221941948
0.014437248930335045
0.047030918300151825
0.031461916863918304
0.13020078837871552
0.0338592603802681
0.035441383719444275
0.049613624811172485
0.025047410279512405
0.08642884343862534
0.037201471626758575
0.025724895298480988
0.04707794263958931
0.08875875174999237
0.021482905372977257
0.015305817127227783
0.02297750860452652
0.0143135292455554
0.10586205124855042
0.14269737899303436
0.5917270183563232
0.031611401587724686
0.015611384063959122
0.049087509512901306
0.06177167966961861
0.08330025523900986
0.06926192343235016
0.029583850875496864
0.01926421746611595
0.06939158588647842
0.008053090423345566
0.044280096888542175
0.11033397912979126
0.013975574634969234
0.021567923948168755
0.020154211670160294
0.018531322479248047
0.08356642723083496
0.44184601306915283
0.03853476047515869
0.033888526260852814
0.019900357350707054
0.25626233220100403
0.054541148245334625
0.019648661836981773
0.08382988721132278
0.061559516936540604
0.006767279002815485
0.012635644525289536
0.03755544126033783
0.020215369760990143
0.01162346825003624
0.04229943826794624
0.011779829859733582
0.03529447317123413
0.026991093531250954
0.02790362946689129
0.42100903391838074
0.02472795359790325
0.02246209606528282
0.0897107645869255
0.049070291221141815
0.009943962097167969
0.013907499611377716
0.027601707726716995
0.02187902294099331
0.19354994595050812
0.023505723103880882
0.010156613774597645
0.021430088207125664
0.026017753407359123
0.09196130186319351
0.023965634405612946
0.03241775557398796
0.11452029645442963
0.08337720483541489
0.01315219048410654
0.014548681676387787
0.08852452039718628
0.01855703629553318
0.020217804238200188
0.019376927986741066
0.18868952989578247
0.008087469264864922
0.055162783712148666
0.007261966355144978
0.02117844857275486
0.32840776443481445
0.042918477207422256
0.02280290611088276
0.05344098433852196
0.13590526580810547
0.03359667956829071
0.030011499300599098
0.010231881402432919
0.09549620747566223
0.016122082248330116
0.01803196780383587
0.033416010439395905
0.010491271503269672
0.11837362498044968
0.05925105884671211
0.4880962371826172
0.10709715634584427
0.010732701979577541
0.16992975771427155
0.007045225240290165
0.28838127851486206
0.0911722481250763
0.04919382184743881
0.02353798970580101
0.035615064203739166
0.6983393430709839
0.02770349383354187
0.030910329893231392
0.016070161014795303
0.16967129707336426
0.011872133240103722
0.20220406353473663
0.10036931931972504
0.02462967485189438
0.025536566972732544
0.04693949222564697
0.024114448577165604
0.033722274005413055
0.1008801981806755
0.017436062917113304
0.03827184438705444
0.0457143634557724
0.02765239030122757
0.006491177715361118
0.015766959637403488
0.013206914998590946
0.013213030993938446
0.016201963648200035
0.03295101970434189
0.019409721717238426
0.03645539656281471
0.05451656132936478
0.02156878262758255
0.011228791438043118
0.15962716937065125
0.05957413464784622
0.11851570755243301
0.02447693608701229
0.023563500493764877
0.7016247510910034
0.01934231072664261
0.019344056025147438
0.027516063302755356
0.06506092846393585
0.04035445675253868
0.024095145985484123
0.022976452484726906
0.059790950268507004
0.5201594829559326
0.026922782883048058
0.013166729360818863
0.033955998718738556
0.02356947772204876
0.558130145072937
0.012329496443271637
0.04872136563062668
0.030112365260720253
0.04071931913495064
0.18012824654579163
0.01622830703854561
0.061585620045661926
0.009834510274231434
0.018955016508698463
0.03722265735268593
0.010883063077926636
0.10584217309951782
0.036115389317274094
0.1074066013097763
0.0657215565443039
0.08513104170560837
0.021071452647447586
0.013806221075356007
0.02311859093606472
0.016949540004134178
0.02455808036029339
0.2776826322078705
0.02260557748377323
0.9958588480949402
0.00865816231817007
0.12777619063854218
0.013651535846292973
0.0344257578253746
0.01305603887885809
0.0781271681189537
0.02807985059916973
0.030807023867964745
0.006065221969038248
0.02377086505293846
0.13139645755290985
0.04576148837804794
0.16053812205791473
0.027440844103693962
0.01696239784359932
0.017057983204722404
0.2131735384464264
0.022982869297266006
0.10604970157146454
0.10435765981674194
0.014739909209311008
0.026446720585227013
0.030762430280447006
0.045332908630371094
0.13110649585723877
0.03492143750190735
0.07080858200788498
0.038444485515356064
0.022387677803635597
0.12610262632369995
0.4113703668117523
0.04382185637950897
0.03380716219544411
0.21407371759414673
0.02709195762872696
0.030924905091524124
0.3320638835430145
0.4898890256881714
0.05846613273024559
0.05677955970168114
0.009914721362292767
0.21049359440803528
0.02981538698077202
0.1208900585770607
0.01386366318911314
0.12416858971118927
0.08505360037088394
0.3116501569747925
0.027454260736703873
0.013215896673500538
0.056778740137815475
0.30479469895362854
0.04949796944856644
0.05200928822159767
0.07778504490852356
0.014192571863532066
0.012839574366807938
0.02732674777507782
0.024572361260652542
0.021023830398917198
0.02540077455341816
0.02845669351518154
0.023120354861021042
0.019375475123524666
0.04065050557255745
0.02872505411505699
0.016542915254831314
0.011225571855902672
0.10857692360877991
0.011128092184662819
0.045264702290296555
0.06340759992599487
0.022642603144049644
0.03888958692550659
0.05433470755815506
0.015192236751317978
0.13082623481750488
0.023259960114955902
0.017234163358807564
0.00963821355253458
0.15381228923797607
0.019591135904192924
0.020533282309770584
0.050868257880210876
0.02427319437265396
0.026420338079333305
0.008755515329539776
0.5265715718269348
0.12281942367553711
0.11558008939027786
0.07532904297113419
0.0206926167011261
0.02052895911037922
0.03233107551932335
0.047994256019592285
0.06678395718336105
0.04140372946858406
0.056173086166381836
0.026508403941988945
0.02057676762342453
0.06628534197807312
0.05691401660442352
0.03244079276919365
0.02122155763208866
0.05462288856506348
0.025465140119194984
0.11320646852254868
0.06160173565149307
0.08187323808670044
0.014726991765201092
0.03775768354535103
0.04077715799212456
0.04327680915594101
0.024454496800899506
0.013673967681825161
0.025443365797400475
0.09453195333480835
0.020963039249181747
0.017448080703616142
0.11406093090772629
0.04730432108044624
0.034487683326005936
0.16559544205665588
0.010412264615297318
0.032684992998838425
0.11102505028247833
0.03652630373835564
0.04273245111107826
0.21214956045150757
0.08829834312200546
0.017658360302448273
0.01313365250825882
0.017336001619696617
0.028717972338199615
0.030722325667738914
0.23126783967018127
0.013318992219865322
0.019327964633703232
0.2448127120733261
0.1280132234096527
0.013526327908039093
0.015849776566028595
0.028043100610375404
0.06253839284181595
0.016236664727330208
0.023604784160852432
0.050558168441057205
0.03227933868765831
0.0978175699710846
0.02492763288319111
0.4915045201778412
0.02218189835548401
0.008560030721127987
0.18318630754947662
0.017526645213365555
0.04755118861794472
0.016254344955086708
0.020875833928585052
0.006844346411526203
0.0733487606048584
0.07897502928972244
0.057201601564884186
0.014004979282617569
0.014491635374724865
0.018043454736471176
0.04481445997953415
0.01927046850323677
0.14022080600261688
0.22141936421394348
0.043798912316560745
0.0133805638179183
0.010033898055553436
0.040101464837789536
0.03705579787492752
0.10359763354063034
0.0769040510058403
0.27195748686790466
0.030904995277523994
0.01888236775994301
0.17673978209495544
0.06448787450790405
0.02618182636797428
0.01681898534297943
0.038438908755779266
0.22965113818645477
0.1696377992630005
0.03993886709213257
0.011332341469824314
0.2386183887720108
0.013793219812214375
0.05324370786547661
0.13211387395858765
0.078377865254879
0.00838957354426384
0.02998940460383892
0.04054083302617073
0.025471840053796768
0.017454572021961212
0.03682374581694603
0.014115232042968273
0.021352408453822136
0.02086208015680313
0.01647491380572319
0.06686894595623016
0.04085392504930496
0.07781784236431122
0.011850434355437756
0.014230972155928612
0.02035195752978325
0.10492994636297226
0.026571011170744896
0.04940852150321007
0.07952836155891418
0.07653193920850754
0.013890443369746208
0.03669184818863869
0.10065433382987976
0.03493921086192131
0.0171216931194067
0.055662669241428375
0.03583691641688347
0.011500479653477669
0.020656734704971313
0.02684526890516281
0.016908295452594757
0.13878966867923737
0.012445769272744656
0.27116864919662476
0.07075884193181992
0.03012850508093834
0.03328649327158928
0.089806467294693
0.02300589717924595
0.022509951144456863
0.00973469763994217
0.06609675288200378
0.0587497353553772
0.024432243779301643
0.018491508439183235
0.03537451848387718
0.014269743114709854
0.018021060153841972
0.034799959510564804
0.06870769709348679
0.045690231025218964
0.0285986065864563
0.01785535179078579
0.010764453560113907
0.011537550017237663
0.034526847302913666
0.026397302746772766
0.07247414439916611
0.018941346555948257
0.04603499174118042
0.08697082847356796
0.07139129191637039
0.015874505043029785
0.012350478209555149
0.01161862164735794
0.0451570563018322
0.0063801417127251625
0.023151880130171776
0.04631069302558899
0.020684028044342995
0.035961590707302094
0.016468346118927002
0.01290789246559143
0.021772384643554688
0.009121237322688103
0.011576424352824688
0.02201935090124607
0.007954167202115059
0.009243112988770008
0.016979986801743507
0.06500986218452454
0.08169706910848618
0.015886446461081505
0.32499679923057556
0.08214570581912994
0.02381126955151558
0.0353730209171772
0.028160173445940018
0.016594910994172096
0.014864673838019371
0.03561986982822418
0.01726689375936985
0.034526314586400986
0.006610393989831209
0.05252908542752266
0.1656506061553955
0.02742345631122589
0.03332233056426048
0.05234604701399803
0.009237927384674549
0.01892182230949402
0.059013351798057556
0.08111194521188736
0.08121762424707413
0.007099062204360962
0.03955034166574478
0.010947482660412788
0.1048649474978447
0.02144578844308853
0.015556500293314457
0.017974402755498886
0.03961968794465065
0.04279071092605591
1.1030874252319336
0.040986090898513794
0.06485112011432648
0.12012273073196411
0.02193615399301052
0.08540168404579163
0.04271586984395981
0.027317361906170845
0.008090547285974026
0.01576385460793972
0.020612550899386406
0.01499195210635662
0.08063668012619019
0.011631493456661701
0.028210388496518135
0.055286556482315063
0.024091016501188278
0.016790512949228287
0.018164075911045074
0.026925992220640182
0.04266710951924324
0.06899967044591904
0.04923979565501213
0.04083408787846565
0.01147826574742794
0.07271526008844376
0.03374244645237923
0.046872470527887344
0.0671873465180397
0.014970620162785053
0.01826189085841179
0.029837651178240776
0.07446875423192978
0.016597796231508255
0.014705901965498924
0.2692907750606537
0.20438969135284424
0.009033764712512493
0.07484934478998184
0.012914663180708885
0.020770782604813576
0.03719603270292282
0.05943049490451813
0.028365004807710648
0.039558734744787216
0.011257840320467949
0.025852495804429054
0.15392404794692993
0.023324519395828247
0.055674873292446136
0.04672008007764816
0.026393882930278778
0.175486221909523
0.02127714641392231
0.06123533472418785
0.011317419819533825
0.03964367136359215
0.7140259742736816
0.036605872213840485
0.012540112249553204
0.007062381133437157
0.058281127363443375
0.14969559013843536
0.020475363358855247
0.018975164741277695
0.010094295255839825
0.036251381039619446
0.050533924251794815
0.07384871691465378
0.028948118910193443
0.011127709411084652
0.018099594861268997
0.05137842521071434
0.03374198079109192
0.057306382805109024
0.034836988896131516
0.010917847976088524
0.03253594785928726
0.02495168149471283
0.015453836880624294
0.086753249168396
0.05098778381943703
0.022053243592381477
0.0911131426692009
0.761883020401001
0.01860227808356285
0.016341419890522957
0.09289130568504333
0.09412253648042679
0.030249299481511116
0.06395671516656876
0.024241765961050987
0.03386425971984863
0.013516401872038841
0.10376965999603271
0.032680436968803406
0.2603806257247925
0.025780649855732918
0.1180921196937561
0.04559094086289406
0.018299056217074394
0.03171413391828537
0.02193731628358364
0.025591516867280006
0.3004530668258667
0.14047156274318695
0.012703766115009785
0.024216338992118835
0.010941942222416401
0.015186210162937641
0.05866911634802818
0.039494436234235764
0.02809201180934906
0.03185313194990158
0.012876936234533787
0.01157302688807249
0.026815634220838547
0.03750915825366974
0.009944288991391659
0.04371565207839012
0.09655561298131943
0.014110583811998367
0.0318632572889328
0.06734079867601395
0.014482193626463413
0.023233400657773018
0.026207709684967995
0.011575178243219852
0.015425835736095905
0.02861238270998001
0.017398467287421227
0.039008863270282745
0.01628218963742256
0.9928197264671326
0.07078950107097626
0.04375159367918968
0.010892887599766254
0.04444708675146103
0.029585568234324455
0.057985708117485046
0.029758242890238762
0.018451344221830368
0.011559413745999336
0.06561122834682465
0.02386576123535633
0.10858245193958282
0.03880833461880684
0.018656674772500992
0.48589998483657837
0.14486883580684662
0.08693647384643555
0.12047716230154037
0.13109689950942993
0.05601467564702034
0.009639076888561249
0.01623319648206234
0.010710085742175579
0.014944410882890224
0.00876031257212162
0.15172813832759857
0.0245776679366827
0.013078502379357815
0.042930349707603455
0.04334200918674469
0.07591550797224045
0.01999615505337715
0.012891855090856552
0.014535032212734222
0.05248941481113434
0.01587727852165699
0.010086329653859138
0.03545088320970535
0.08168470859527588
0.012624392285943031
0.08943725377321243
0.01562283094972372
0.007220623083412647
0.095152348279953
0.22221499681472778
0.05003545805811882
0.047769561409950256
0.08398886770009995
0.07340267300605774
0.013271977193653584
0.020116806030273438
0.05635955184698105
0.01935608685016632
0.04156656190752983
0.020499413833022118
0.013798121362924576
0.00727063650265336
1.0259857177734375
0.007907126098871231
0.02608856000006199
0.026565494015812874
0.015244347043335438
0.010258526541292667
0.05140678957104683
0.05970225855708122
0.23218931257724762
0.26974281668663025
0.012107436545193195
0.040340062230825424
0.07013499736785889
0.03720708191394806
0.028028322383761406
0.07741524279117584
0.015276122838258743
0.08678599447011948
0.015788236632943153
0.00754559924826026
0.05730660632252693
0.011850372888147831
0.00995099451392889
0.03944019228219986
0.13107705116271973
0.026031367480754852
0.03185997158288956
0.044372737407684326
0.014704408124089241
0.028830645605921745
0.1185125783085823
0.027662193402647972
0.012693663127720356
0.011797535233199596
0.07087837904691696
0.007287169806659222
0.09681164473295212
0.10661224275827408
0.21371136605739594
0.02291758731007576
0.012140670791268349
0.0055891405791044235
0.0685456171631813
0.08339744061231613
0.07899412512779236
0.14727182686328888
0.03408050164580345
0.13256020843982697
0.01718306355178356
0.06187724322080612
0.15675707161426544
0.05648517981171608
0.16230054199695587
0.011104281060397625
0.021356580778956413
0.053358931094408035
0.02774515002965927
0.013367313891649246
0.08126190304756165
0.02492731250822544
0.025465844199061394
0.5675143599510193
0.061064500361680984
0.024381766095757484
0.017190203070640564
0.018020106479525566
0.027593376114964485
0.04607543349266052
0.012957188300788403
0.020704660564661026
0.32946527004241943
0.03403901681303978
0.2828826606273651
0.012238756753504276
0.010096578858792782
0.11029911041259766
0.28722354769706726
0.01994921639561653
0.022679030895233154
0.034473221749067307
0.022977275773882866
0.15880811214447021
0.024241643026471138
0.06117122620344162
0.07027076929807663
0.027661481872200966
0.04113350436091423
0.08502905070781708
0.010134215466678143
0.036567118018865585
0.03858117386698723
0.03636098653078079
0.027593061327934265
0.034396395087242126
0.016347814351320267
0.039224717766046524
0.03952391445636749
0.039004791527986526
0.011362317949533463
0.03385773301124573
0.01523157861083746
0.015370371751487255
0.2218947410583496
0.052509281784296036
0.06578239798545837
0.017032770439982414
0.006301100365817547
0.07935675978660583
0.029585087671875954
0.11212045699357986
0.05269966647028923
0.04521781951189041
0.02472682297229767
0.23333093523979187
0.03798586130142212
0.01136243436485529
0.011437533423304558
0.05807808041572571
0.022424470633268356
0.05156862363219261
0.024683605879545212
0.0215426255017519
0.031528934836387634
0.02880539372563362
0.02257588505744934
0.024438228458166122
0.1274058073759079
0.04108704999089241
0.02909058891236782
0.03929871693253517
0.02566934935748577
0.016266323626041412
0.06363256275653839
0.018720319494605064
0.022034727036952972
0.054582372307777405
0.08354151993989944
0.21158424019813538
0.14812035858631134
0.027806386351585388
0.012060628272593021
0.018185535445809364
0.012473691254854202
0.02389698103070259
0.08405967056751251
0.015760479494929314
0.014255008660256863
0.029510391876101494
0.08845078945159912
0.007376203313469887
0.15251071751117706
0.5202454924583435
0.01201686728745699
0.05672818794846535
0.022631118074059486
0.31745439767837524
0.012979014776647091
0.018356896936893463
0.11744415760040283
0.06951823830604553
0.04106690362095833
0.017031626775860786
0.057476893067359924
0.014785313047468662
0.09736909717321396
0.07564569264650345
0.10572760552167892
0.03814559057354927
0.023709768429398537
0.014131276868283749
0.0429236963391304
0.038520753383636475
0.10530781745910645
0.03152240440249443
0.011068464256823063
0.025711363181471825
0.1685532182455063
0.015367468819022179
0.021640697494149208
0.011687147431075573
0.031228892505168915
0.027541663497686386
0.015832480043172836
0.07679896056652069
0.03371376171708107
0.009403101168572903
0.10488003492355347
0.08824266493320465
0.029887400567531586
0.025752853602170944
0.062025539577007294
0.028673570603132248
0.0288546122610569
0.05336741730570793
0.059689249843358994
0.013357442803680897
0.019887598231434822
0.01729038543999195
0.01441941037774086
0.020635979250073433
0.02005176991224289
0.018038269132375717
0.0370292067527771
0.022121088579297066
0.01599140465259552
0.011337299831211567
0.02240685559809208
0.018590401858091354
0.02203943580389023
0.08180005848407745
0.020706022158265114
0.0709957405924797
0.2059609293937683
0.06570623815059662
0.02122139185667038
0.10407469421625137
0.04780210927128792
0.01832255907356739
0.06754083186388016
0.06945554167032242
0.07912920415401459
0.019550995901226997
0.022842349484562874
0.08936504274606705
0.05349261686205864
0.040857717394828796
0.10354004055261612
0.05951859802007675
0.052779074758291245
0.15380136668682098
0.03750171512365341
0.03564271703362465
0.01704186387360096
0.012296266853809357
0.05847258120775223
0.057960037142038345
0.20557209849357605
0.09938856959342957
0.021376505494117737
0.04260335490107536
0.048334307968616486
0.028241127729415894
0.019592631608247757
0.015754759311676025
0.021204035729169846
0.0751757025718689
0.060695581138134
0.021870560944080353
0.02151850052177906
0.01958867534995079
0.018269848078489304
0.022415563464164734
0.2794080674648285
0.0696486160159111
0.029341965913772583
0.04034951329231262
0.043491631746292114
0.06942186504602432
0.012459296733140945
0.07286595553159714
0.01925266906619072
0.029258448630571365
0.027616117149591446
0.07936686277389526
0.056709013879299164
0.06319602578878403
0.0072606694884598255
0.04804559051990509
0.019283166155219078
0.015032229945063591
0.03065640851855278
0.02422993630170822
0.07316991686820984
0.03987071290612221
0.10544534772634506
0.014777387492358685
0.0377403162419796
0.06711235642433167
0.010440154001116753
0.03612407669425011
0.06728189438581467
0.6879202127456665
0.0174497589468956
0.015839166939258575
0.011349779553711414
0.01934296451508999
0.8237715363502502
0.041592761874198914
0.17922434210777283
0.027769671753048897
0.044227324426174164
0.028332751244306564
0.11306984722614288
0.010992118157446384
0.09190315753221512
0.030964603647589684
0.01820167899131775
0.024225279688835144
0.051995787769556046
0.036639634519815445
0.03997018188238144
0.04438285902142525
0.020829932764172554
0.10069753229618073
0.1159558892250061
0.016927340999245644
0.02242271974682808
0.05199256166815758
0.1494445502758026
0.016593068838119507
0.04744763299822807
0.046020302921533585
0.017882617190480232
0.010207640007138252
0.027088437229394913
0.019955016672611237
0.04113059863448143
0.6084849834442139
0.024852892383933067
0.09389560669660568
0.05313969403505325
0.013455381616950035
0.013373751193284988
0.02928384765982628
0.019027352333068848
0.02157692424952984
0.05770781263709068
0.005378312896937132
0.026493273675441742
0.022762933745980263
0.07534586638212204
0.29391562938690186
0.016518529504537582
0.025449581444263458
0.08573645353317261
0.0304070096462965
0.028966505080461502
0.0122813880443573
0.021015649661421776
0.012863395735621452
0.8147285580635071
0.04276115074753761
0.012797705829143524
0.026361243799328804
0.05535588786005974
0.036289699375629425
0.0157098900526762
0.01808902435004711
0.06022403761744499
0.028063077479600906
0.02744278684258461
0.025665998458862305
0.004921152256429195
0.08103986829519272
0.005693534389138222
0.01014865841716528
0.019383173435926437
0.34415480494499207
0.0497753731906414
0.008423915132880211
0.03905177488923073
0.015577026642858982
0.050149671733379364
0.007122365292161703
0.015145224519073963
0.04155147820711136
0.19661583006381989
0.017392264679074287
0.006693535950034857
0.29217731952667236
0.1281234472990036
0.19504830241203308
0.053270433098077774
0.020057661458849907
0.03920166566967964
0.014147702604532242
0.019244572147727013
0.017162716016173363
0.06758500635623932
0.07290332019329071
0.053919702768325806
0.038285475224256516
0.1633182168006897
0.5400579571723938
0.02347971685230732
0.019199689850211143
0.03988846018910408
0.012433446012437344
0.01614120788872242
0.027913380414247513
0.02707027643918991
0.03765828534960747
0.06477948278188705
0.01109998021274805
0.0848669707775116
0.05559506639838219
0.1944032609462738
0.1263093799352646
0.019630150869488716
0.02158028446137905
0.027372926473617554
0.2859572470188141
0.01906711421906948
0.006942357402294874
0.032814592123031616
0.00888773426413536
0.01129236351698637
0.41495269536972046
0.09815140813589096
0.027984024956822395
0.14686867594718933
0.043052058666944504
0.01487001683562994
0.056511055678129196
0.02775661274790764
0.024816669523715973
0.03581976518034935
0.022441253066062927
0.08776788413524628
0.010981382802128792
0.06866315752267838
0.023281650617718697
0.051231749355793
0.056181401014328
0.011611644178628922
0.04246242716908455
0.18205824494361877
0.027348002418875694
0.02957889810204506
0.0173548124730587
0.01983770914375782
0.010721694678068161
0.2872832119464874
0.019314417615532875
0.021116532385349274
0.019006524235010147
0.017458898946642876
0.10413093864917755
0.012936229817569256
0.0120548065751791
0.03467921167612076
0.050315916538238525
0.02914947271347046
0.03441406413912773
0.03904591500759125
0.047387734055519104
0.06706920266151428
0.030980173498392105
0.03469325602054596
0.03439616039395332
0.015993067994713783
0.018967678770422935
0.038536377251148224
0.12424100190401077
0.0216646920889616
0.08775845170021057
0.01607624441385269
0.012522474862635136
0.030134055763483047
0.04197200760245323
0.132909893989563
0.012532598339021206
0.009813169948756695
0.037415891885757446
0.06348644196987152
0.03062252514064312
0.045314498245716095
0.12214862555265427
0.021553240716457367
0.17359264194965363
0.029035603627562523
0.36801719665527344
0.08356509357690811
0.04104488715529442
0.027625011280179024
0.00786089152097702
0.031605303287506104
0.0271243117749691
0.10907938331365585
0.0154196722432971
0.05562635883688927
0.09440970420837402
0.03290293365716934
0.08632130920886993
0.3194999694824219
0.039147622883319855
0.007961745373904705
0.17593830823898315
0.03238041326403618
0.01291656494140625
0.3858184218406677
0.029542671516537666
0.0782470852136612
0.021372497081756592
0.00528368353843689
0.03028373420238495
0.04313443601131439
0.1373489797115326
0.015548277646303177
0.026000764220952988
0.03211146220564842
0.024322541430592537
0.024213232100009918
0.11666963994503021
0.02355906367301941
0.041251860558986664
0.11138874292373657
0.04544946923851967
0.18082454800605774
0.012917205691337585
0.06356419622898102
0.01815132610499859
0.014678262174129486
0.026256006211042404
0.008668612688779831
0.02133733220398426
0.6374714374542236
0.08689515292644501
0.04018206149339676
0.15068775415420532
0.3474874794483185
0.10384432226419449
0.015934161841869354
0.03975269943475723
0.06643132120370865
0.03985411301255226
0.015072962269186974
0.07259068638086319
0.07731091231107712
0.05105740204453468
0.3397759199142456
0.05862799659371376
0.014016452245414257
0.07280692458152771
0.017959007993340492
0.010202781297266483
0.878720760345459
0.09464642405509949
0.01661359891295433
0.018442781642079353
0.08950742334127426
0.03026360087096691
0.0252862349152565
0.022937070578336716
0.03376322239637375
0.04897753521800041
0.06509945541620255
0.08400333672761917
0.15291091799736023
0.028645342215895653
0.03795720636844635
0.12439800798892975
0.05463605374097824
0.016120683401823044
0.006602820474654436
0.018205510452389717
0.02280651405453682
0.3896208107471466
0.0467066764831543
0.007751067169010639
0.0386398583650589
0.060522280633449554
0.030899152159690857
0.1877322643995285
0.030497081577777863
0.18700751662254333
0.07150908559560776
0.022055121138691902
0.028975745663046837
0.0597994439303875
0.013046858832240105
0.2734096646308899
0.0432373471558094
0.10247550904750824
0.006737316958606243
0.017626218497753143
0.04512511566281319
0.029263412579894066
0.024282129481434822
0.018491869792342186
0.1313650906085968
0.026009125635027885
0.03796054422855377
0.047721803188323975
0.08421968668699265
0.15353403985500336
0.0237064678221941
0.03501182422041893
0.11830272525548935
0.02563324011862278
0.035079579800367355
0.016704678535461426
0.08457393199205399
0.016291556879878044
0.0733000636100769
0.03041192889213562
0.018290717154741287
0.012472813948988914
0.01740814559161663
0.044136639684438705
0.0317232646048069
0.01791989989578724
0.028950216248631477
0.0778573751449585
0.038002870976924896
0.07081364840269089
0.007460996508598328
0.007982096634805202
0.013639586046338081
0.11867110431194305
0.07300844043493271
0.057055920362472534
0.023626405745744705
0.01539771631360054
0.04491734132170677
0.025977911427617073
0.015515071339905262
0.017677418887615204
0.06506995111703873
0.03189556300640106
0.02400761842727661
0.011658940464258194
0.029192175716161728
0.034093450754880905
0.04110449180006981
0.05660351738333702
0.029271716251969337
0.04939861595630646
0.12401871383190155
0.013431350700557232
0.01264664065092802
0.0695037916302681
0.03414290025830269
0.013770108111202717
0.008064589463174343
0.04003012552857399
0.1516438126564026
0.03339557349681854
0.5544631481170654
0.03149174153804779
0.01752682961523533
0.08316093683242798
0.011363931931555271
0.1870764046907425
0.028383564203977585
0.03853829577565193
0.023167073726654053
0.020419446751475334
0.13026268780231476
0.012368074618279934
0.02486610971391201
0.24203568696975708
0.03818151354789734
0.006312902085483074
0.01586480438709259
0.01006534043699503
0.007953742519021034
0.010009859688580036
0.03506525978446007
0.0656772181391716
0.0152570940554142
0.03183048963546753
0.015598812140524387
0.029095588251948357
0.11975761502981186
0.05629764124751091
0.05766775831580162
0.014521346427500248
0.02175430953502655
0.017088308930397034
0.3797432482242584
0.24312326312065125
0.031160952523350716
0.03431598097085953
0.08277270197868347
0.11842592805624008
0.0832863301038742
0.11812110990285873
0.013434788212180138
0.02616686187684536
0.0219575185328722
0.3190600872039795
0.010395416989922523
0.033621009439229965
0.11739811301231384
0.01583040878176689
0.01845700666308403
0.022194968536496162
0.03816309571266174
0.12908048927783966
0.24744249880313873
0.01757401041686535
0.008496657013893127
0.011339522898197174
0.011882713995873928
0.13118095695972443
0.027741920202970505
0.02138355001807213
0.04522571340203285
0.019710863009095192
0.08041735738515854
0.015859946608543396
0.01663043163716793
0.019480671733617783
0.031680792570114136
0.30355411767959595
0.036538612097501755
0.14429615437984467
0.3343886137008667
0.0648367702960968
0.017098305746912956
0.007770361844450235
0.01511350367218256
0.02176785282790661
0.03970080241560936
0.14337961375713348
0.01180144865065813
0.25319936871528625
0.07172799855470657
0.0768161416053772
0.009572528302669525
0.013179448433220387
0.028505312278866768
0.009018641896545887
0.047312501817941666
0.01681441068649292
0.02163923718035221
0.02545500174164772
0.02254086174070835
0.028464769944548607
0.018119696527719498
0.007879901677370071
0.026169147342443466
0.016757242381572723
0.023674376308918
0.028851723298430443
0.03835005313158035
0.0181724950671196
0.014279571361839771
0.02893100492656231
0.03036513738334179
0.020506028085947037
0.023075923323631287
0.02958608604967594
0.015508384443819523
0.04393276572227478
0.023959079757332802
0.022790342569351196
0.03509899228811264
0.016391515731811523
0.03271598368883133
0.028988704085350037
0.020118266344070435
0.02347380854189396
0.026576709002256393
0.033336564898490906
0.05769031494855881
0.07498704642057419
0.005865244194865227
0.012686888687312603
0.020210111513733864
0.01641484908759594
0.015445922501385212
0.01819673739373684
0.10037935525178909
0.01249899622052908
0.011647663079202175
0.010405497625470161
0.032524473965168
0.04732470586895943
0.01670009084045887
0.03326389566063881
0.02815096266567707
0.022298522293567657
0.10829851031303406
0.049952976405620575
0.01455173920840025
0.031512077897787094
0.17151860892772675
0.022609127685427666
0.014272227883338928
0.03516591712832451
0.1000799834728241
0.019816618412733078
0.08999734371900558
0.03201118856668472
0.030563265085220337
0.0863247811794281
0.011031418107450008
0.057362549006938934
0.02753523550927639
0.012525327503681183
0.15272673964500427
0.02407047152519226
0.0652281641960144
0.017266198992729187
0.1972481608390808
0.0156532172113657
0.014089511707425117
0.059428051114082336
0.015950942412018776
0.02826574258506298
0.008556900545954704
0.2348310947418213
0.16984383761882782
0.036299001425504684
0.02583920769393444
0.013024765998125076
0.015952764078974724
0.06373271346092224
0.02903517708182335
0.018730340525507927
0.013476872816681862
1.0970686674118042
0.06892260164022446
0.032536160200834274
0.17647790908813477
0.02231035940349102
0.030657589435577393
0.012519720941781998
0.044099852442741394
0.10054150223731995
0.09121762216091156
0.01755623146891594
0.015799343585968018
0.07679922133684158
0.01675637625157833
0.07939650118350983
0.009046239778399467
0.028635891154408455
0.005793889984488487
0.041746754199266434
0.010251818224787712
0.11026890575885773
0.09684260934591293
0.18725143373012543
0.018184693530201912
0.031672753393650055
0.06261174380779266
0.07101423293352127
0.023345205932855606
0.05320129543542862
0.07217606902122498
0.01500533428043127
0.047550052404403687
0.017343034967780113
0.00693023856729269
0.013441269285976887
0.004784233868122101
0.016277745366096497
0.10438089817762375
0.03424210846424103
0.10756895691156387
0.026529699563980103
0.009292207658290863
0.03903203457593918
0.027010243386030197
0.01882505789399147
0.08805350214242935
0.014046141877770424
0.030088352039456367
0.06929800659418106
0.015129800885915756
0.018050041049718857
0.032419025897979736
0.03730354085564613
0.021801093593239784
0.029209060594439507
0.04551217705011368
0.03667626157402992
0.019090820103883743
0.016602138057351112
0.4678243100643158
0.02620302513241768
0.04540542513132095
0.02436254732310772
0.015391742810606956
0.01109623908996582
0.14641951024532318
0.1890447586774826
0.14014111459255219
0.023488029837608337
0.10338374972343445
0.5222095251083374
0.04558824747800827
0.13554050028324127
0.009083457291126251
0.02900904417037964
0.030017957091331482
0.03387518227100372
0.016525711864233017
0.01395670510828495
0.02677447907626629
0.034137606620788574
0.023910583928227425
0.012467983178794384
0.12694396078586578
0.007835022173821926
0.023985790088772774
0.0810740515589714
0.015319894067943096
0.14741277694702148
0.041971903294324875
0.03868039324879646
0.23129697144031525
0.03817488253116608
0.009458979591727257
0.0423380546271801
0.009895888157188892
0.040542103350162506
0.016382234171032906
0.13484130799770355
0.12025853246450424
0.17213031649589539
0.03393270820379257
0.05287489295005798
0.012510511092841625
0.021081468090415
0.05707370862364769
0.02116183564066887
0.03976668044924736
0.015524685382843018
0.029964614659547806
0.02117261290550232
0.6311072707176208
0.0389481857419014
0.013742886483669281
0.02316932938992977
0.025591673329472542
0.024350043386220932
0.11949928849935532
0.03293028101325035
0.011217528954148293
0.016794312745332718
0.009144400246441364
0.04551886022090912
0.01329051423817873
0.04374511539936066
0.06769981235265732
0.030942268669605255
0.09310416877269745
0.04703308641910553
0.024896366521716118
0.029575882479548454
0.025533296167850494
0.21201366186141968
0.011149369180202484
0.26583266258239746
0.04807187616825104
0.03586048632860184
0.10530160367488861
0.02423471212387085
0.013145149685442448
0.011180078610777855
0.03524287790060043
0.04031003639101982
0.05045017600059509
0.024073448032140732
0.08943212032318115
0.07808127999305725
0.04906006157398224
0.017380043864250183
0.006508305203169584
0.04110756888985634
0.09598458558320999
0.012880425900220871
0.013964701443910599
0.06280358880758286
0.03620279207825661
0.02835565060377121
0.008316249586641788
0.07011107355356216
0.03342663496732712
0.0121922567486763
0.011115862987935543
0.05149548500776291
0.052517518401145935
0.021595677360892296
0.013088795356452465
0.009092362597584724
0.036653775721788406
0.03440598025918007
0.03349781781435013
0.021068228408694267
0.04744008556008339
0.024965457618236542
0.007427779026329517
0.07354811578989029
0.09213230758905411
0.031183622777462006
0.02130839414894581
0.13231277465820312
0.021341370418667793
0.03540888428688049
0.07874969393014908
0.01250836718827486
0.09893807768821716
0.031134136021137238
0.03143042325973511
0.049492064863443375
0.030687274411320686
0.015687188133597374
0.07275689393281937
0.03678884357213974
0.011038406752049923
0.0393335297703743
0.01625964604318142
0.013723064213991165
0.06673455238342285
0.07970959693193436
0.013997236266732216
0.11309435218572617
0.010509523563086987
0.05005425587296486
0.014655409380793571
0.025621943175792694
0.08422257006168365
0.046173345297575
0.02371213212609291
0.010516989044845104
0.020845167338848114
0.015165663324296474
0.010176777839660645
0.0274488665163517
0.025720730423927307
0.019079379737377167
0.018753668293356895
0.012635556980967522
0.059888098388910294
0.31362223625183105
0.009974048472940922
0.020824575796723366
0.05330188199877739
0.09332749992609024
0.02187340334057808
0.014408236369490623
0.03125861659646034
0.03818345442414284
0.024359364062547684
0.009685218334197998
0.030549438670277596
0.062133077532052994
0.04543592035770416
0.09463771432638168
0.023134367540478706
0.011896753683686256
0.23650391399860382
0.019362322986125946
0.09280482679605484
0.1378953754901886
0.04958433285355568
0.07529949396848679
0.02361675165593624
0.04140109568834305
0.07535029202699661
0.0904768705368042
0.021946191787719727
0.02199755236506462
0.019559431821107864
0.019791875034570694
0.11763648688793182
0.04081283509731293
0.028730671852827072
0.025152791291475296
0.07929501682519913
0.07236234098672867
0.03269689157605171
0.022883327677845955
0.07414203882217407
0.03262889012694359
0.09228493273258209
0.04092535376548767
0.020406179130077362
0.005767855327576399
0.035746216773986816
0.020095055922865868
0.008219639770686626
0.1917647421360016
0.029588494449853897
0.02144469879567623
0.016053594648838043
0.03181849420070648
0.055324260145425797
0.020650677382946014
0.017433086410164833
0.03369690850377083
0.018926173448562622
0.25752800703048706
0.012424509041011333
0.021842380985617638
0.029157744720578194
0.09078933298587799
0.0924551859498024
0.008476825430989265
0.02217828296124935
0.01232010405510664
0.04436538368463516
0.04849831759929657
0.02393522299826145
0.027647150680422783
0.023579487577080727
0.06152501702308655
0.021000858396291733
0.013715717010200024
0.02753600850701332
0.501431405544281
0.03619256988167763
0.08340854197740555
0.12500718235969543
0.049415472894907
0.08879560977220535
0.03130093216896057
0.07720624655485153
0.024251015856862068
0.04013381525874138
0.045609597116708755
0.08265947550535202
0.219841867685318
0.016299661248922348
0.011538908816874027
0.17818841338157654
0.4433285593986511
0.03257284685969353
0.1179126724600792
0.011829481460154057
0.19380304217338562
0.10793521255254745
0.024711547419428825
0.020490776747465134
0.010439382866024971
0.020934900268912315
0.01775270886719227
0.019499629735946655
0.030932022258639336
0.03303765878081322
0.04317198321223259
0.023794662207365036
0.0354742631316185
0.33854350447654724
0.12055778503417969
0.011599704623222351
0.009210188873112202
0.016951486468315125
0.06593877822160721
0.024400100111961365
0.02397739887237549
0.04594108462333679
0.011807597242295742
0.028674133121967316
0.11470244079828262
0.070283442735672
0.05295316129922867
0.03244059532880783
0.0810263380408287
0.09476408362388611
0.019160909578204155
0.4622606337070465
0.03231301158666611
0.01942555606365204
0.3612598478794098
0.022922178730368614
0.1050935834646225
0.027555691078305244
0.038959354162216187
0.07349976152181625
0.04517117515206337
0.15250888466835022
0.014807741157710552
0.038241516798734665
0.006712052505463362
0.03855079039931297
0.034067582339048386
0.015683619305491447
0.017384737730026245
0.0233183354139328
0.029861705377697945
0.02147383987903595
0.0575757771730423
0.04073970392346382
0.0169333815574646
0.009742013178765774
0.01902366429567337
0.008693170733749866
0.0667467787861824
0.014403590001165867
0.020893467590212822
0.02424396201968193
0.15471956133842468
0.05861811712384224
0.01651054434478283
0.019029371440410614
0.027062268927693367
0.02161903865635395
0.019150150939822197
0.0161320511251688
0.04442523419857025
0.018817968666553497
0.006666091270744801
0.6238150596618652
0.0962592288851738
0.024411069229245186
0.00960468128323555
0.00890205055475235
0.019309379160404205
0.0160664152354002
0.14281460642814636
0.01058137509971857
0.04710516706109047
0.09952115267515182
0.08965183049440384
0.11388867348432541
0.042561572045087814
0.04719369113445282
0.12368770688772202
0.009356251917779446
0.0071039143949747086
0.032996293157339096
0.030115896835923195
0.12136063724756241
0.019681915640830994
0.00831297505646944
0.026554562151432037
0.04690151661634445
0.008430100046098232
0.033410049974918365
0.03626244142651558
0.02482757344841957
0.15081404149532318
0.02254353277385235
0.0272406917065382
0.058533452451229095
0.024780437350273132
0.012891281396150589
0.031144561246037483
0.019863884896039963
0.02511964738368988
0.024263877421617508
0.028196338564157486
0.023379771038889885
0.015373854897916317
0.01690863072872162
0.015501357614994049
0.03825275972485542
0.07931715995073318
0.009616839699447155
0.009536171332001686
0.025173652917146683
0.014516808092594147
0.13845603168010712
0.017481986433267593
0.0282945167273283
0.06185561791062355
0.009360906668007374
0.024576738476753235
0.06485220044851303
0.037716515362262726
0.01409839279949665
0.020098527893424034
0.013237115927040577
0.33656615018844604
0.020194528624415398
0.013266629539430141
0.2841050326824188
0.13127806782722473
0.05742911249399185
0.02129576914012432
0.6638509035110474
0.041412487626075745
0.046635109931230545
0.04931098222732544
0.008845623582601547
0.017331350594758987
0.02381679229438305
0.10773000866174698
0.0175225380808115
0.01454309280961752
0.07263322174549103
0.1858225017786026
0.015742365270853043
0.02406700886785984
0.01634122058749199
0.03270936384797096
0.020376358181238174
0.07936716079711914
0.15355822443962097
0.023130660876631737
0.4728887975215912
0.045872751623392105
0.013790440745651722
0.086954265832901
0.03377242758870125
0.009257849305868149
0.043942179530858994
0.06965309381484985
0.009821206331253052
0.014238381758332253
0.034673139452934265
0.053415775299072266
0.01803630031645298
0.0369056798517704
0.0056011308915913105
0.14468643069267273
0.020905902609229088
0.020007317885756493
0.24913278222084045
0.024133484810590744
0.5085657835006714
0.03453034162521362
0.02490358054637909
0.019986679777503014
0.07416140288114548
0.032431963831186295
0.02969704195857048
0.03719765320420265
0.09474856406450272
0.028615830466151237
0.0567183792591095
0.06073245033621788
0.04509478434920311
0.09576176106929779
0.02105044387280941
0.03541486710309982
0.016323834657669067
0.019412914291024208
0.021292341873049736
0.22098572552204132
0.03579013794660568
0.007818028330802917
0.02264724113047123
0.04317140579223633
0.0922437310218811
0.10780084878206253
0.02118293195962906
0.033882517367601395
0.05505189672112465
0.009574421681463718
0.05628611147403717
0.015467558056116104
0.056067027151584625
0.01759609952569008
0.009700099937617779
0.04388447850942612
0.028581002727150917
0.06043347343802452
0.0145780174061656
0.02231733314692974
0.019160864874720573
0.11089584231376648
0.016861403360962868
0.017082134261727333
0.023322351276874542
0.025946997106075287
0.029825957491993904
0.046951502561569214
0.15209828317165375
0.011166824027895927
0.10020921379327774
0.12040170282125473
0.02851971797645092
0.011035662144422531
0.027376888319849968
0.010881105437874794
0.011895665898919106
0.024783361703157425
0.020314527675509453
0.08478043973445892
0.12533287703990936
0.22646653652191162
0.015391183085739613
0.016795380041003227
0.09742423892021179
0.0888923704624176
0.035374633967876434
0.0243618655949831
0.015855612233281136
0.02743135206401348
0.11222958564758301
0.021739957854151726
0.013847388327121735
0.016805624589323997
0.01098110992461443
0.010430765338242054
0.023967914283275604
0.03214718773961067
0.015119415707886219
0.005913909059017897
0.46028220653533936
0.20053459703922272
0.18162041902542114
0.02121593803167343
0.01398020051419735
0.03942481800913811
0.020779447630047798
0.006919806357473135
0.02788238413631916
0.019262976944446564
0.045636437833309174
0.019992513582110405
0.030092483386397362
0.05799385532736778
0.014641095884144306
0.01873195357620716
0.06665141880512238
0.13613706827163696
0.014644780196249485
0.01331072486937046
0.03860205411911011
0.022554567083716393
0.05597783252596855
0.12878084182739258
0.04763178899884224
0.06982195377349854
0.03881925344467163
0.02666901983320713
0.0323583148419857
0.05353960394859314
0.008097779005765915
0.019439812749624252
0.37072616815567017
0.07187621295452118
0.07079911231994629
0.009799008257687092
0.05574209988117218
0.015888426452875137
0.012541616335511208
0.013356405310332775
0.09137677401304245
0.21570609509944916
0.010981302708387375
0.06913942098617554
0.004767988342791796
0.01487938966602087
0.04426467791199684
0.0649465024471283
0.032620422542095184
0.03552204370498657
0.39168697595596313
0.045421406626701355
0.2700585722923279
0.018482279032468796
0.17098629474639893
0.06408168375492096
0.08533763885498047
0.06709659099578857
0.015137212350964546
0.04010823741555214
0.05363115295767784
0.07033778727054596
0.017163442447781563
0.04531789571046829
0.0060091097839176655
0.1394231766462326
0.07085505872964859
0.01258618850260973
0.027537671849131584
0.13795925676822662
0.018627788871526718
0.038571715354919434
0.07054491341114044
0.04183204844594002
0.009510190226137638
0.0763074979186058
0.010227394290268421
0.07835684716701508
0.03270814195275307
0.013353471644222736
0.06298159807920456
0.024732481688261032
0.1910063475370407
0.006961382459849119
0.20221811532974243
0.013491420075297356
0.021312009543180466
0.10300754010677338
0.005520754028111696
0.0656602755188942
0.020367950201034546
0.10999277234077454
0.014795416966080666
0.03660519793629646
0.01557414885610342
0.040853552520275116
0.008635222911834717
0.2305280864238739
0.013860980048775673
0.04374125599861145
0.01394783053547144
0.04153892770409584
0.014067026786506176
0.055074550211429596
0.05517172813415527
0.06686343997716904
0.3128888010978699
0.0192624032497406
0.03014342486858368
0.02387063577771187
0.020138612017035484
0.043417081236839294
0.03573262691497803
0.0746837705373764
0.03480364754796028
0.39211586117744446
0.058535385876894
0.03910600766539574
0.049814146012067795
0.025995437055826187
0.024472851306200027
0.6377767324447632
0.08271875977516174
0.04040873795747757
0.08339205384254456
0.033596236258745193
0.042145825922489166
0.023675166070461273
0.048872437328100204
0.024092024192214012
0.020432623103260994
0.014060667715966702
0.06369403004646301
0.022565390914678574
0.13267643749713898
0.28010785579681396
0.025585327297449112
0.008501093834638596
0.062404002994298935
0.11101380735635757
0.017122818157076836
0.0829138457775116
0.05157897248864174
0.022986264899373055
0.005997069645673037
0.0173563901335001
0.011974897235631943
0.04887097328901291
0.025980323553085327
0.029000723734498024
0.037693947553634644
0.026782745495438576
0.0519547313451767
0.055450599640607834
0.08022215962409973
0.1347077190876007
0.13383638858795166
0.025956489145755768
0.020242001861333847
0.13382235169410706
0.006300739012658596
0.02460433728992939
0.039801228791475296
0.022831451147794724
0.037086401134729385
0.010703425854444504
0.03331068158149719
0.032374605536460876
0.023392757400870323
0.03354748338460922
0.03174620121717453
0.019944382831454277
0.02507859840989113
0.025991354137659073
0.011766303330659866
0.22439949214458466
0.013092031702399254
0.05515410378575325
0.044892169535160065
0.04757925495505333
0.026024136692285538
0.019498657435178757
0.025003226473927498
0.012899477034807205
0.01693115010857582
0.009824912995100021
0.013918709941208363
0.02279246784746647
0.10151632875204086
0.028609953820705414
0.061627279967069626
0.02170868031680584
0.0645260289311409
0.06338053941726685
0.08337350189685822
0.018300341442227364
0.03688059747219086
0.06577451527118683
0.010603554546833038
0.028003737330436707
0.0919903963804245
0.024979347363114357
0.017437569797039032
0.10928341001272202
0.01775512844324112
0.10118221491575241
0.03408186510205269
0.012166009284555912
0.07675918936729431
0.02197343483567238
0.020586971193552017
0.03265516832470894
0.022280540317296982
0.01306924782693386
0.0251599233597517
0.01559823751449585
0.048220399767160416
0.010696202516555786
0.06402909010648727
0.09153366833925247
0.008100434206426144
0.02661001682281494
0.10131663829088211
0.05041221156716347
0.032905615866184235
0.015807045623660088
0.01713094301521778
0.010158038698136806
0.13776534795761108
0.18564453721046448
0.027573274448513985
0.15717872977256775
0.055409595370292664
0.03979817405343056
0.03664712235331535
0.028580237179994583
0.03437168896198273
0.029785100370645523
0.05555637180805206
0.026545513421297073
0.01294120866805315
0.02462577261030674
0.009040824137628078
0.022732947021722794
0.25027140974998474
0.08010616898536682
0.1046646386384964
0.016183428466320038
0.019172411412000656
0.04595721885561943
0.012052753940224648
0.032913338392972946
0.015654603019356728
0.023175708949565887
0.07073326408863068
0.010410768911242485
0.1405002921819687
0.012051592580974102
0.10273364186286926
0.017274918034672737
0.07457713782787323
0.010833179578185081
0.13240844011306763
0.010565985925495625
0.06372486054897308
0.01070793904364109
0.054389920085668564
0.026381777599453926
0.00826036836951971
0.007747326511889696
0.0427020899951458
0.006345520727336407
0.020733477547764778
0.028646599501371384
0.04192529618740082
0.014669831842184067
0.02822098135948181
0.050876159220933914
0.04866291955113411
0.014834001660346985
0.012417242862284184
0.017935913056135178
0.058556750416755676
0.01429023128002882
0.05485809966921806
0.1851721853017807
0.0303671695291996
0.08098434656858444
0.05466608703136444
0.018312379717826843
0.01937219128012657
0.056296456605196
0.012022715993225574
0.020639708265662193
0.15615621209144592
0.012593911960721016
0.05003148689866066
0.03115583024919033
0.04238489642739296
0.006508772261440754
0.02620793506503105
0.013151545077562332
0.18253915011882782
0.02606183849275112
0.10117107629776001
0.05982493609189987
0.0230833999812603
0.03639354556798935
0.3191438615322113
0.025108307600021362
0.020076934248209
0.01165137067437172
0.012118786573410034
0.04372841492295265
0.941272497177124
0.04076096788048744
0.02900581993162632
0.01522301696240902
0.02880641259253025
0.03917543962597847
0.029293766245245934
0.039859589189291
0.02901952527463436
0.013712161220610142
0.014147625304758549
0.029861969873309135
0.04378816485404968
0.02931158058345318
0.035875435918569565
0.033927787095308304
0.062107328325510025
0.03075600601732731
0.048516299575567245
0.021831326186656952
0.02236464060842991
0.023128552362322807
0.11852782964706421
0.012561426497995853
0.796589732170105
0.04919782280921936
0.039582543075084686
0.0636124387383461
0.03332158923149109
0.21425215899944305
0.1234450414776802
0.02030729129910469
0.054282233119010925
0.01340444851666689
0.04253879562020302
0.03066047839820385
0.016839737072587013
0.04858926683664322
0.024804361164569855
0.013975700363516808
0.11170192062854767
0.05836842954158783
0.3545997440814972
0.1723475158214569
0.0349162295460701
0.0251749437302351
0.04892243072390556
0.04194960370659828
0.11209467053413391
0.054538894444704056
0.04461376741528511
0.03091319091618061
0.01946231909096241
0.11404529213905334
0.05652502551674843
0.0374869741499424
0.01939712092280388
0.012055892497301102
0.026831142604351044
0.019894946366548538
0.028202850371599197
0.025342417880892754
0.09812403470277786
0.009211981669068336
0.020061034709215164
0.02684207074344158
0.026736613363027573
0.02338702231645584
0.07797961682081223
0.13865889608860016
0.03416280075907707
0.0949346125125885
0.05307396501302719
0.1323499083518982
0.2626926600933075
0.021635031327605247
0.010456399992108345
0.031072789803147316
0.020004382357001305
0.04313041269779205
0.017113693058490753
0.008610274642705917
0.05061155557632446
0.04059707745909691
0.039967846125364304
0.027385424822568893
0.03688349947333336
0.06780069321393967
0.2652875483036041
0.032810550183057785
0.22029654681682587
0.007406718097627163
0.03711323067545891
0.02725391462445259
0.04217459633946419
0.018296245485544205
0.010511960834264755
0.02003442496061325
0.033692438155412674
0.11360087990760803
0.036451857537031174
0.032936856150627136
0.04234110191464424
0.03044356033205986
0.04780660569667816
0.030679013580083847
0.013321463949978352
0.017828742042183876
0.011754590086638927
0.020473990589380264
0.03401704132556915
0.010919184423983097
0.08521756529808044
0.020185820758342743
0.01818990334868431
0.026806088164448738
0.04448879510164261
0.02335847169160843
0.3368317484855652
0.021755564957857132
0.03504795953631401
0.007451267912983894
0.02396545372903347
0.027750741690397263
0.054794806987047195
0.01795010082423687
0.04629693180322647
0.06564045697450638
0.02850920520722866
0.10416816920042038
0.010383439250290394
0.017867561429739
0.01910366117954254
0.0567903034389019
0.1390194296836853
0.05235464870929718
0.01958196423947811
0.04030335694551468
0.01416204497218132
0.005097999237477779
1.8469486236572266
0.010906225070357323
0.16574229300022125
0.014229245483875275
0.007998953573405743
0.0300661101937294
0.1364959329366684
0.06784840673208237
0.01428864523768425
0.018062131479382515
0.00881588738411665
0.017260471358895302
0.012862615287303925
0.025388171896338463
0.02360495924949646
0.019640551880002022
0.0071374173276126385
0.05852814391255379
0.010938466526567936
0.014087153598666191
0.1808057576417923
0.124859519302845
0.10427010804414749
0.01190181914716959
0.09507162123918533
0.15461772680282593
0.028758248314261436
0.03165927156805992
0.11285851895809174
0.21138955652713776
0.02500028721988201
0.0598030686378479
0.016812646761536598
0.022116923704743385
0.021707333624362946
0.03507532551884651
0.05324409157037735
0.03167521953582764
0.5548746585845947
0.08894570171833038
0.025767792016267776
0.03387853130698204
0.020710300654172897
0.015333151444792747
0.014311332255601883
0.011383968405425549
0.053721677511930466
0.016051659360527992
0.03649488463997841
0.08031132072210312
0.19624263048171997
0.03204907476902008
0.011861201375722885
0.09080459177494049
0.03916176036000252
0.08188476413488388
0.03182440251111984
0.011169563978910446
0.02385333925485611
0.011862463317811489
0.21730414032936096
0.020924022421240807
0.01504150964319706
0.05623079463839531
0.017150769010186195
0.013888866640627384
0.010877502150833607
0.01429322175681591
0.06544127315282822
0.01140251848846674
0.02737957239151001
0.011202994734048843
0.023144859820604324
0.010646926239132881
0.0256886538118124
0.12814149260520935
0.04521999508142471
0.07996553182601929
0.03224511817097664
0.15923649072647095
0.04213058203458786
0.25635844469070435
0.053852539509534836
0.03129369765520096
0.03113921545445919
0.008846009150147438
0.014706323854625225
0.00959751009941101
0.021918021142482758
0.05481830611824989
0.06470390409231186
0.01835082843899727
0.05405757948756218
0.030930858105421066
0.015102511271834373
0.009235844016075134
0.014153264462947845
0.0471024252474308
0.045375704765319824
0.01970776543021202
0.44489678740501404
0.04513419419527054
0.14167346060276031
0.014680920168757439
0.015469475649297237
0.1309230625629425
0.02102538011968136
0.025562316179275513
0.03387830778956413
0.034544527530670166
0.02250697650015354
0.03736233711242676
0.03277812898159027
0.02541252411901951
0.010870533064007759
0.03666050732135773
0.025224503129720688
0.05353688448667526
0.015453917905688286
0.029711024835705757
0.010751367546617985
0.14422684907913208
0.051689423620700836
0.014387794770300388
0.12404762953519821
0.03310772031545639
0.11847522109746933
0.08592250198125839
0.08177940547466278
0.057347770780324936
0.06819278001785278
0.01702466420829296
0.1307479441165924
0.0156553965061903
0.008566665463149548
0.04861985892057419
0.022947469726204872
0.032556742429733276
0.00983020756393671
0.01626008376479149
0.022259041666984558
0.07306860387325287
0.02516201138496399
0.014810494147241116
0.01383213885128498
0.05107197165489197
0.05756385624408722
0.12313498556613922
0.02008620649576187
0.05646000802516937
0.11985103040933609
0.22372202575206757
0.009935099631547928
0.04858684912323952
0.04511528089642525
0.48247718811035156
0.17682746052742004
0.04398459196090698
0.061740975826978683
0.01941235549747944
0.031578704714775085
0.05006326362490654
0.012364057824015617
0.07348404824733734
0.02988598309457302
0.010826961137354374
0.028478581458330154
0.05610314756631851
0.018388910219073296
0.01540425419807434
0.012201925739645958
0.012875009328126907
0.11019910126924515
0.06965538114309311
0.1026800125837326
0.07636932283639908
0.05452273413538933
0.07873272895812988
0.008292398415505886
0.04175218567252159
0.0173081886023283
0.2905544936656952
0.015349602326750755
0.042955249547958374
0.03477923572063446
0.02296334318816662
0.044681232422590256
0.03094969317317009
0.23698392510414124
0.580315887928009
0.019122285768389702
0.027599088847637177
0.3182193636894226
0.00406891293823719
0.013546926900744438
0.02729579247534275
0.09884975105524063
0.023105885833501816
0.053962673991918564
0.020478380843997
0.011411596089601517
0.21412916481494904
0.06787001341581345
0.012718693353235722
0.025763344019651413
0.07923272252082825
0.4001757502555847
0.017540419474244118
0.024123696610331535
0.011367706581950188
0.07610121369361877
0.015372940339148045
0.043123021721839905
0.014888145960867405
0.011101223528385162
0.023592257872223854
0.06304958462715149
0.03864156827330589
0.08998068422079086
0.08291538804769516
0.020310290157794952
0.022141404449939728
0.03993717581033707
0.010341046378016472
0.05083506926894188
0.03525242954492569
0.012313916347920895
0.02016395702958107
0.09164151549339294
0.018006667494773865
0.027219505980610847
0.10655661672353745
0.01712302677333355
0.013713540509343147
0.04862457141280174
0.023919517174363136
0.03412257134914398
0.03028632141649723
0.015763405710458755
0.028768235817551613
0.008597745560109615
0.013339519500732422
0.17508482933044434
0.031106654554605484
0.3433781862258911
0.06120527163147926
0.04929925873875618
0.03243124857544899
0.014014371670782566
0.013514663092792034
0.02757972665131092
0.015476972796022892
0.20307941734790802
0.013866203837096691
0.01928824372589588
0.06663140654563904
0.01103802677243948
0.018330993130803108
0.14317232370376587
0.23052966594696045
0.07270078361034393
0.04637599736452103
0.09031841903924942
0.02129833959043026
0.07577221840620041
0.016217855736613274
0.010271160863339901
0.049023691564798355
0.04197035729885101
0.06839054077863693
0.23431889712810516
0.007571804337203503
0.028788598254323006
0.10629072040319443
0.033174797892570496
0.037618666887283325
0.02422264963388443
0.03426778316497803
0.07824893295764923
0.01788824051618576
0.12123796343803406
0.020357834175229073
0.08421425521373749
0.07072105258703232
0.040356677025556564
0.052738819271326065
0.03271304816007614
0.09910433739423752
0.00919424369931221
0.028833763673901558
0.05788448452949524
0.06127680465579033
0.06918761879205704
0.025064410641789436
0.010818534530699253
0.02024790272116661
0.012017067521810532
0.011587908491492271
0.015693731606006622
0.015008739195764065
0.011747497133910656
0.02116469107568264
0.02975713275372982
0.07936488091945648
0.010859119705855846
0.01496659405529499
0.038279615342617035
0.014210266061127186
0.013867282308638096
0.013934108428657055
0.17686507105827332
0.0143946073949337
0.017063699662685394
0.018752049654722214
0.01783945970237255
0.012833607383072376
0.010762051679193974
0.015650464221835136
0.05388476327061653
0.017241111025214195
0.01662907563149929
0.031141284853219986
0.01184692420065403
0.18732322752475739
0.06468214839696884
0.12077301740646362
0.011325512081384659
0.014808965846896172
0.24350032210350037
0.017736751586198807
0.07312173396348953
0.02824166975915432
0.028200233355164528
0.19459496438503265
0.024690737947821617
0.22290782630443573
0.019816244021058083
0.23184600472450256
0.029605932533740997
0.00945194810628891
0.018640868365764618
0.0233230572193861
0.020253662019968033
0.007806848734617233
0.05464262515306473
0.027574880048632622
0.01637374795973301
0.03326142206788063
0.057382527738809586
0.01747668907046318
0.03357324376702309
0.05056850239634514
0.30814918875694275
0.030247744172811508
0.08130883425474167
0.10925360769033432
0.012629757635295391
0.16299979388713837
0.05798501893877983
0.01624557003378868
0.012931564822793007
0.14635568857192993
0.017366617918014526
0.009595886804163456
0.15556862950325012
0.0156923346221447
0.09914298355579376
0.16663019359111786
0.008235161192715168
0.017226411029696465
0.01829787716269493
0.011860302649438381
0.028116965666413307
0.016750117763876915
0.009742366150021553
0.12314153462648392
0.01958465948700905
0.1010051891207695
0.015798134729266167
0.07707449793815613
0.012172664515674114
0.012698349542915821
0.02586708962917328
0.006489413324743509
0.004643893335014582
0.06139875948429108
0.039652615785598755
0.06267046183347702
0.011128115467727184
0.2027808576822281
0.012759744189679623
0.011971110478043556
0.01063006091862917
0.07720780372619629
0.01120717916637659
0.0534500814974308
0.17463968694210052
0.01584083028137684
0.01926226168870926
0.042610932141542435
0.016768133267760277
0.006537202745676041
0.026597799733281136
0.014738244004547596
0.03098522126674652
0.06109357625246048
0.03420933336019516
0.289545476436615
0.030647851526737213
0.17399516701698303
0.039548128843307495
0.04231497645378113
0.12158747762441635
0.051309410482645035
0.020728567615151405
0.03384947031736374
0.2984897494316101
0.013575044460594654
0.03418091684579849
0.0667865201830864
0.718174397945404
0.03335746377706528
0.28144776821136475
0.07797832787036896
0.02550264075398445
0.027607927098870277
0.04380953684449196
0.026340695098042488
0.01510605402290821
0.03637208417057991
0.060267124325037
0.02107301913201809
0.032570067793130875
0.01874166540801525
0.018904658034443855
0.06750670075416565
0.030254146084189415
0.023714199662208557
0.408297598361969
0.007577492389827967
0.026663493365049362
0.012763422913849354
0.1069040447473526
0.17867770791053772
0.01407645083963871
0.08070984482765198
0.02682511880993843
0.03868846967816353
0.02089020423591137
0.02985357493162155
0.060668669641017914
0.08418911695480347
0.10610207170248032
0.016652852296829224
0.03078988753259182
0.012507930397987366
0.0360206700861454
0.03854360431432724
0.025379395112395287
0.010212103836238384
0.02608528733253479
0.015115495771169662
0.024391716346144676
0.023425158113241196
0.035742487758398056
0.27248328924179077
0.008313697762787342
0.018024031072854996
0.017408091574907303
0.05171572044491768
0.08178307861089706
0.024308135733008385
0.05168528854846954
0.013094470836222172
0.020141955465078354
0.025243336334824562
0.020412784069776535
0.046053193509578705
0.020290380343794823
0.039366498589515686
0.17409582436084747
0.11995252966880798
0.016660798341035843
0.08974041044712067
0.04570869728922844
0.013960983604192734
0.05657631531357765
0.016052305698394775
0.011149962432682514
0.019396226853132248
0.03978404402732849
0.02468368597328663
0.006615521851927042
0.019107136875391006
0.042715057730674744
0.008239121176302433
0.1255810707807541
0.03384922817349434
0.014590495266020298
0.0678781196475029
0.01925971359014511
0.008720365352928638
0.02699100598692894
0.07444565743207932
0.19204755127429962
0.012849518097937107
0.8733847737312317
0.04675178974866867
0.027844319120049477
0.029953209683299065
0.07936549931764603
0.018861575052142143
0.014790109358727932
0.029052305966615677
0.0283932127058506
0.07377319782972336
0.13204529881477356
0.033795066177845
0.016442062333226204
0.06427121162414551
0.032500971108675
0.018770989030599594
0.06334131211042404
0.0239727720618248
0.03605695813894272
0.015329857356846333
0.027049805968999863
0.026065006852149963
0.18250557780265808
0.013996337540447712
0.028580015525221825
0.3648097813129425
0.11733981966972351
0.0391271635890007
0.014500675722956657
0.04257890209555626
0.013777151703834534
0.013627495616674423
0.026815006509423256
0.016633206978440285
0.025197887793183327
0.0105763403698802
0.033620428293943405
0.08358974009752274
0.04097884148359299
0.022796273231506348
0.012056227773427963
0.016615010797977448
0.016133222728967667
0.2683088481426239
0.08383975923061371
0.025553613901138306
0.03995232656598091
0.25013095140457153
0.012729432433843613
0.02124194987118244
0.020419858396053314
0.02050725370645523
0.012968131341040134
0.168547585606575
0.13275645673274994
0.0077428859658539295
0.010916556231677532
0.02360929362475872
0.03466974198818207
0.016841942444443703
0.02502528205513954
0.008591601625084877
0.06583625823259354
0.03269781917333603
0.015955818817019463
0.048157066106796265
0.02432907558977604
0.041290413588285446
0.026141686365008354
0.017134670168161392
0.015669401735067368
0.05502219498157501
0.20112816989421844
0.04978014901280403
0.04309124872088432
0.010051443241536617
0.030707402154803276
0.013065886683762074
0.16239899396896362
0.042143065482378006
0.022678617388010025
0.36928045749664307
0.07464923709630966
0.009747564792633057
0.05778336524963379
0.06702357530593872
0.012414878234267235
0.011332714930176735
0.08203243464231491
0.013371157459914684
0.030522499233484268
0.09010583907365799
0.015170663595199585
0.02529383823275566
0.01266756746917963
0.04922490194439888
0.12399514019489288
0.01289454661309719
0.028066815808415413
0.07286301255226135
0.023769045248627663
0.07390004396438599
0.02618628554046154
0.024172192439436913
0.009764516726136208
0.154026597738266
0.02791786380112171
0.3138173222541809
0.01810826174914837
0.028971703723073006
0.01919388398528099
0.030510272830724716
0.01753062754869461
0.08658675104379654
0.013123971410095692
0.02177201397716999
0.03529009595513344
0.020595205947756767
0.008412458933889866
0.03150928020477295
0.058792103081941605
0.017945684492588043
0.1242915466427803
0.060375139117240906
0.05614267289638519
0.08102983236312866
0.2616821825504303
0.12229342758655548
0.0240013487637043
0.12777042388916016
0.015694567933678627
0.009061851538717747
0.06310708075761795
0.008643649518489838
0.026734929531812668
0.012203347869217396
0.25095194578170776
0.12820547819137573
0.07043495029211044
0.022197097539901733
0.011557972989976406
0.008992033079266548
0.010203593410551548
0.015958191826939583
0.027708375826478004
0.006804973352700472
0.7555891871452332
0.1145014613866806
0.03610812500119209
0.03133250027894974
0.011402565985918045
0.008578847162425518
0.012849418446421623
0.032153721898794174
0.043435778468847275
0.11400116235017776
0.7209861278533936
0.06631582230329514
0.0949486792087555
0.03362734988331795
0.01059754379093647
0.2562834620475769
0.03638410195708275
0.2518664300441742
0.12094079703092575
0.027118884027004242
0.006114297546446323
0.47603631019592285
0.08929704129695892
0.044540248811244965
0.18738611042499542
0.06991216540336609
0.013099726289510727
0.03485814109444618
0.1638079136610031
0.027428265661001205
0.025122037157416344
0.07183580845594406
0.02907068468630314
0.013254157267510891
0.07628672569990158
0.03627760335803032
0.04032539576292038
0.01567601040005684
0.01505851186811924
0.010243857279419899
0.10764063149690628
0.01197137963026762
0.00785298366099596
0.06324834376573563
0.025451630353927612
0.020932041108608246
0.05594487488269806
0.055831730365753174
0.04173128306865692
0.014273649081587791
0.028860509395599365
0.07077517360448837
0.00949788186699152
0.05273725837469101
0.012248053215444088
0.031902506947517395
0.04362102225422859
0.3398951590061188
0.08403999358415604
0.12772789597511292
0.02640669420361519
0.03532053530216217
0.0372743159532547
0.02794918231666088
0.06553523987531662
0.01434440165758133
0.009738129563629627
0.023781832307577133
0.037539612501859665
0.02361980825662613
0.031221307814121246
0.22390644252300262
0.05191301181912422
0.05819811671972275
0.0372709222137928
0.014084899798035622
0.04924548789858818
0.23920102417469025
0.02929089590907097
0.02352268248796463
0.24578645825386047
0.054993193596601486
0.028651969507336617
0.0659746527671814
0.037900470197200775
0.01790938526391983
0.01662239246070385
0.004548021126538515
0.024037370458245277
0.018020084127783775
0.025591319426894188
0.017122536897659302
0.13597217202186584
0.41174590587615967
0.015602946281433105
0.008599512279033661
0.2638327479362488
0.022709548473358154
0.13015468418598175
0.13484114408493042
0.008552455343306065
0.010555368848145008
0.03668137267231941
0.024995820596814156
0.12537677586078644
0.02611669898033142
0.019318899139761925
0.06740936636924744
0.015785720199346542
0.0170438289642334
0.14818263053894043
0.018131693825125694
0.013858473859727383
0.18273626267910004
0.02016855776309967
0.0493202842772007
0.006844015792012215
0.019243082031607628
0.01600453071296215
0.01866742968559265
0.0736260861158371
0.031147338449954987
0.0202447772026062
0.04663454741239548
0.18223729729652405
0.07214865833520889
0.0389241948723793
0.035957034677267075
0.009821123443543911
0.12171067297458649
0.03222119063138962
0.04737472906708717
0.023006580770015717
0.01275408174842596
0.024225769564509392
0.14746157824993134
0.015884695574641228
0.05730120465159416
0.6170512437820435
0.01795465685427189
0.04448653385043144
0.12305581569671631
0.016539935022592545
0.10175798833370209
0.02311565913259983
0.33780190348625183
0.24616631865501404
0.017689699307084084
0.046477410942316055
0.01916106976568699
0.01690317876636982
0.016712035983800888
0.08959358930587769
0.019954979419708252
0.07462043315172195
0.02951830066740513
0.0139214051887393
0.010807103477418423
0.25859588384628296
0.027524234727025032
0.014405734837055206
0.03796660900115967
0.06877186894416809
0.045087605714797974
0.06228943169116974
0.026545165106654167
0.08791914582252502
0.14011970162391663
0.7687982320785522
0.01713411696255207
0.0321512334048748
0.05613737553358078
0.07722566276788712
0.00989190861582756
0.018502123653888702
0.11074196547269821
0.36124059557914734
0.2933935225009918
0.19637568295001984
0.01753237098455429
0.02856810949742794
0.024597639217972755
0.5202270746231079
0.024086300283670425
0.17063038051128387
0.016720863059163094
0.02530171535909176
0.03823206201195717
0.028019897639751434
0.008739986456930637
0.021371351554989815
0.19183683395385742
0.16728432476520538
0.01014547049999237
0.015041884034872055
0.02325897291302681
0.016640555113554
0.017566857859492302
0.013346712104976177
0.025950221344828606
0.013781927525997162
0.1378219723701477
0.0072625246830284595
0.019947631284594536
0.006195387803018093
0.03557240217924118
0.018328741192817688
0.030947213992476463
0.12437492609024048
0.13253921270370483
0.009507009759545326
0.04455062374472618
0.026030825451016426
0.05178459733724594
0.01970355212688446
0.07909990847110748
0.08173355460166931
0.025940317660570145
0.035005178302526474
0.012974564917385578
0.021033478900790215
0.04315457493066788
0.07823950797319412
0.009635291062295437
0.028276754543185234
0.07302026450634003
0.0320330448448658
0.011797783896327019
0.02443237043917179
0.0252145417034626
0.007855785079300404
0.05096249654889107
0.02405414544045925
0.03732568025588989
0.018055079504847527
0.057496245950460434
0.1562051922082901
0.01593433879315853
0.025521209463477135
0.012051691301167011
0.1784648299217224
0.025029052048921585
0.019396977499127388
0.010125556960701942
0.012896442785859108
0.07249240577220917
0.013779900968074799
0.02215476520359516
0.03146197274327278
0.04376379773020744
0.08542580157518387
0.018555494025349617
0.017199907451868057
0.016057642176747322
0.0260519627481699
0.012838718481361866
0.005680205300450325
0.018007397651672363
0.026486888527870178
0.024359101429581642
0.020582815632224083
0.009095599874854088
0.047502558678388596
0.04787295684218407
0.019122034311294556
0.059351492673158646
0.014077902771532536
0.0093512162566185
0.02378416433930397
0.05589286983013153
0.08917046338319778
0.04171048477292061
0.09793370217084885
0.013734760694205761
0.02588338404893875
0.006101419683545828
0.00844605453312397
0.022042924538254738
0.01658218912780285
0.3659254014492035
0.040138036012649536
0.027661528438329697
0.06379680335521698
0.08900724351406097
0.01118772104382515
0.04411143809556961
0.04640151560306549
0.040988944470882416
0.025542104616761208
0.07625056058168411
0.020148243755102158
0.006443480961024761
0.030001139268279076
0.006475023925304413
0.13908140361309052
0.047672856599092484
0.025442009791731834
0.23940323293209076
0.32160496711730957
0.01282222755253315
0.019147289916872978
0.02482190914452076
0.18229512870311737
0.013973277993500233
0.046609215438365936
0.037380363792181015
0.08928319066762924
0.35625091195106506
0.02404124103486538
0.010978979989886284
0.027442950755357742
0.0213080495595932
0.045769307762384415
0.05188635736703873
0.020160069689154625
0.07805939018726349
0.0730854719877243
0.024330295622348785
0.008712314069271088
0.012489253655076027
0.017403608188033104
0.03706582635641098
0.01545229647308588
0.018368404358625412
0.628760576248169
0.02222312055528164
1.0393732786178589
0.02580951526761055
0.025237461552023888
0.09474153816699982
0.03317812830209732
0.013985597528517246
0.011530493386089802
0.09049006551504135
0.8701980710029602
0.03970468416810036
0.01790882833302021
0.057917069643735886
0.013231342658400536
0.043662622570991516
0.02795560471713543
0.029982350766658783
0.04342184588313103
0.03288115933537483
0.05516170710325241
0.027985170483589172
0.017740920186042786
0.017630252987146378
0.010524515993893147
0.02843719720840454
0.012394282966852188
0.1329740285873413
0.030498212203383446
0.054370079189538956
0.03769009932875633
0.06499610841274261
0.012212449684739113
0.05612213537096977
0.043856799602508545
0.03802992403507233
0.01048017106950283
0.010934215039014816
0.03000910021364689
0.11618288606405258
0.07544530928134918
0.01132917683571577
0.01898522861301899
0.025546327233314514
0.012187990359961987
0.009831760078668594
0.03427959233522415
0.03126104176044464
0.06920703500509262
0.0183025524020195
0.03118932992219925
0.04297701641917229
0.0138018149882555
0.0858365073800087
0.03514920920133591
0.14575201272964478
0.01857147552073002
0.02508750930428505
0.09521763771772385
0.012781168334186077
0.03439940884709358
0.016492722555994987
0.02030399814248085
0.3475448191165924
0.09256144613027573
0.02377116121351719
0.05601630359888077
0.01148444414138794
0.02196257933974266
0.020249847322702408
0.03057972341775894
0.06130440905690193
0.09102099388837814
0.01675783097743988
0.022417649626731873
0.03528933972120285
0.026369692757725716
0.012730594724416733
0.026971492916345596
0.02102927677333355
0.021634116768836975
0.01730457693338394
0.010873546823859215
0.09258070588111877
0.047922730445861816
0.008806238882243633
0.026852767914533615
0.02230001613497734
0.04593612626194954
0.06733189523220062
0.017038462683558464
0.1929236501455307
0.06392022967338562
0.07316040247678757
0.018996266648173332
0.41921645402908325
0.043529659509658813
0.01567017287015915
0.03719034418463707
0.02060229703783989
0.055817119777202606
0.0681350901722908
0.025077706202864647
0.024039816111326218
0.05409051477909088
0.07288165390491486
0.03305543214082718
0.02369331754744053
0.03575269132852554
0.02282721921801567
0.018439460545778275
0.16831551492214203
0.5512073636054993
0.20854760706424713
0.028361424803733826
0.056967563927173615
0.019326820969581604
0.10709886252880096
0.01228539552539587
0.023466410115361214
0.02652684412896633
0.015700897201895714
0.03700654208660126
0.012211829423904419
0.12671132385730743
0.0480230413377285
0.05970962718129158
0.1530963033437729
0.007869498804211617
0.017604287713766098
0.015831056982278824
0.01034498494118452
0.04463917762041092
0.7603843808174133
0.01157299056649208
0.03456348925828934
0.02474302612245083
0.11767753958702087
0.028578627854585648
0.04947572201490402
0.016085078939795494
0.020420273765921593
0.010910090059041977
0.11190962046384811
0.04274659976363182
0.3494352400302887
0.05191326141357422
0.0203082375228405
0.11685514450073242
0.02790292724967003
0.10202981531620026
0.09747271239757538
0.016980409622192383
0.04556765779852867
0.033260565251111984
0.015387396328151226
0.1680798977613449
0.041681982576847076
0.01210132148116827
0.012125086970627308
0.014387152157723904
0.033934906125068665
0.0917864665389061
0.03121197037398815
0.008276084437966347
0.013233491219580173
0.007438329514116049
0.0098592359572649
0.23422102630138397
0.03347454592585564
0.02302122861146927
0.017886370420455933
0.06354539841413498
0.011045250110328197
0.049629535526037216
0.0830480232834816
0.0177832692861557
0.02499406412243843
0.019394680857658386
0.02163148671388626
0.11066695302724838
0.025543661788105965
0.07085255533456802
0.05333232134580612
0.13825072348117828
0.029574744403362274
0.01892932690680027
0.01589689776301384
0.02223937399685383
0.09424088150262833
0.023208478465676308
0.009551278315484524
0.05639352649450302
0.20609499514102936
0.014200061559677124
0.021459387615323067
0.028057197108864784
0.009669971652328968
0.02633860893547535
0.0061945789493620396
0.013404359109699726
0.01153028104454279
0.015833105891942978
0.007387212011963129
0.011348684318363667
0.008499602787196636
0.09051310271024704
0.020600944757461548
0.022776491940021515
0.04343198239803314
0.03265152499079704
0.012863279320299625
0.012052901089191437
0.30164292454719543
0.02998213656246662
0.035075411200523376
0.009771137498319149
0.029159538447856903
0.018087269738316536
0.01864626444876194
0.04664535075426102
0.017543748021125793
0.014715389348566532
0.012647369876503944
0.042925428599119186
0.15003333985805511
0.019093042239546776
0.01522486750036478
0.02208215557038784
0.18413683772087097
0.013995466753840446
0.12272360175848007
0.015399416908621788
0.017377866432070732
0.022283021360635757
0.04624362662434578
0.0794498547911644
0.25958114862442017
0.14099375903606415
0.23479454219341278
0.020411696285009384
0.17081999778747559
0.023044403642416
0.006547160912305117
0.2607017159461975
0.20517638325691223
0.012407827191054821
0.0737035796046257
0.08957912772893906
0.07466671615839005
0.09389578551054001
0.031215686351060867
0.036191344261169434
0.04289599508047104
0.3220668137073517
0.049195777624845505
0.16831009089946747
0.0156375914812088
0.05843951925635338
0.08763764053583145
0.02076232247054577
0.07560921460390091
0.010520623065531254
0.07152660936117172
0.2860162854194641
0.2773309051990509
0.0204476248472929
0.020345306023955345
0.03631903976202011
0.04391580447554588
0.019737830385565758
0.022414928302168846
0.08285928517580032
0.03484874963760376
0.025937648490071297
0.24895206093788147
0.015453096479177475
0.06687872856855392
0.2454223334789276
0.05556447058916092
0.4247754216194153
0.01911088638007641
0.11292324960231781
0.10723794251680374
0.032169971615076065
0.023292455822229385
0.011775766499340534
0.021754562854766846
0.017315538600087166
0.010487074963748455
0.03567543253302574
0.05710089951753616
0.009890764020383358
0.3233296275138855
0.03268788382411003
0.019790977239608765
0.04357490688562393
0.027777092531323433
0.008895602077245712
0.038039010018110275
0.016774581745266914
0.03131292387843132
0.02340918965637684
0.014121736399829388
0.045698489993810654
0.013447374105453491
0.021145494654774666
0.1111149862408638
0.05453607812523842
0.032892465591430664
0.023395631462335587
0.017632337287068367
0.022080207243561745
0.02676943875849247
0.04020499065518379
0.020625654608011246
0.10926337540149689
0.00928582064807415
0.23952165246009827
0.010338774882256985
0.12608641386032104
0.020920129492878914
0.007569471374154091
0.015063868835568428
0.031002618372440338
0.023313138633966446
0.0697806105017662
0.14697584509849548
0.051335711032152176
0.017684180289506912
0.01341728400439024
0.06254993379116058
0.008369933813810349
0.050305016338825226
0.01048505213111639
0.06721509248018265
0.10978364944458008
0.14031532406806946
0.04089392349123955
0.06061900779604912
0.04655575379729271
0.03096555732190609
0.013939355500042439
0.01500522717833519
0.025680921971797943
0.1374547928571701
0.011222856119275093
0.37537699937820435
0.07105890661478043
0.022873183712363243
0.026346219703555107
0.01392458751797676
0.011333614587783813
0.020955901592969894
0.01775319315493107
0.08545465767383575
0.014734523370862007
0.009672906249761581
0.018388645723462105
0.02458534762263298
0.0191566813737154
0.02155248075723648
0.03159133717417717
0.032836440950632095
0.05716564133763313
0.1183202713727951
0.03422117233276367
0.021005382761359215
0.010315138846635818
0.033074017614126205
0.03666984289884567
0.0038421826902776957
0.012917031534016132
0.04192664101719856
0.0937122106552124
0.010357442311942577
0.030602728947997093
0.04244022071361542
0.025321708992123604
0.025598905980587006
0.009790390729904175
0.018096882849931717
0.02957289293408394
0.017984235659241676
0.038335323333740234
0.4171104431152344
0.020496495068073273
0.018010200932621956
0.010952533222734928
0.039915937930345535
0.040422406047582626
0.018824566155672073
0.011751232668757439
0.012223762460052967
0.009442281909286976
0.02314147725701332
0.030233284458518028
0.026090774685144424
0.045993365347385406
0.15276426076889038
0.029066892340779305
0.0387357659637928
0.029023943468928337
0.01613636501133442
0.051856838166713715
0.04266216233372688
0.01559285819530487
0.08508598059415817
0.10470964759588242
0.014963204972445965
0.026399744674563408
0.012416532263159752
0.02622372843325138
0.02469186671078205
0.018883973360061646
0.006720385514199734
0.09249226748943329
0.10188981890678406
0.020122244954109192
0.029781294986605644
0.033104848116636276
0.029239783063530922
0.06395675987005234
0.009444747120141983
0.15949924290180206
0.01370065938681364
0.013191013596951962
0.01735614612698555
0.01035709585994482
0.011017579585313797
0.20724503695964813
0.017942240461707115
0.01711062714457512
0.03264298662543297
0.025053320452570915
0.04520542919635773
0.01174912229180336
0.013491753488779068
0.11169250309467316
0.0509202666580677
0.6780027747154236
0.012399346567690372
0.0949365496635437
0.028966041281819344
0.015979638323187828
0.5564098358154297
0.20849846303462982
0.13035669922828674
0.04273533076047897
0.03138159587979317
0.04626072943210602
0.025726627558469772
0.18196088075637817
0.01840830221772194
0.01936062052845955
0.03894031420350075
0.01567602902650833
0.2665928304195404
0.07030925154685974
0.021578272804617882
0.026922332122921944
0.023197947070002556
0.020713407546281815
0.02603081986308098
0.04699701815843582
0.10342290252447128
0.028332462534308434
0.02647973597049713
0.37204456329345703
0.005727953277528286
0.011356565169990063
0.05959445238113403
0.05001765489578247
0.045296698808670044
0.019801348447799683
0.03673270717263222
0.057326022535562515
0.01969260349869728
0.009978057816624641
0.06804220378398895
0.011434289626777172
0.013018745929002762
0.1298431158065796
0.01926632970571518
1.1237870454788208
0.013143842108547688
0.043713316321372986
0.03509412705898285
0.12703043222427368
0.013431021012365818
0.021616285666823387
0.05008280649781227
0.014854389242827892
0.02457781508564949
0.012074651196599007
0.050118934363126755
0.05220848321914673
0.01816706731915474
0.01112410705536604
0.017752129584550858
0.09708712995052338
0.0963275209069252
0.041283316910266876
0.015188944526016712
0.015836399048566818
0.014687121845781803
0.006200901698321104
0.17356936633586884
0.06179669126868248
0.09029931575059891
0.012935664504766464
0.013869097456336021
0.03141492232680321
0.017844730988144875
0.2718065679073334
0.39515042304992676
0.04262473061680794
0.010419085621833801
0.027798932045698166
0.02470918372273445
0.12517276406288147
0.15324468910694122
0.02052064798772335
0.039402589201927185
0.05071909725666046
0.1036621704697609
0.3704959452152252
0.027243714779615402
0.02331954427063465
0.1365319937467575
0.020870337262749672
0.012289258651435375
0.19292831420898438
0.0256342850625515
0.03157111629843712
0.05569403991103172
0.01059926487505436
0.01973477192223072
0.02175169438123703
0.031811635941267014
0.023679479956626892
0.05098910629749298
0.017215294763445854
0.032284315675497055
0.04185431823134422
0.33733126521110535
0.0822734609246254
0.1283007264137268
0.057488810271024704
0.013136593624949455
0.0763489156961441
0.05865790694952011
0.26125016808509827
0.017308223992586136
0.029735134914517403
0.01532411202788353
0.03558703884482384
0.03260257467627525
0.21819014847278595
0.03222754970192909
0.022188104689121246
0.07226257026195526
0.0651092529296875
0.1089034155011177
0.022152701392769814
0.04353926703333855
0.017862752079963684
0.020991427823901176
0.01977575197815895
0.49700728058815
0.020787959918379784
0.03425833210349083
0.04517161473631859
0.05467763915657997
0.039947349578142166
0.03484684228897095
0.012082203291356564
0.006076843943446875
0.06501888483762741
0.01937677524983883
0.059042513370513916
0.03391442075371742
0.24146772921085358
0.12787748873233795
0.04010504111647606
0.03148113563656807
0.13315437734127045
0.27322518825531006
0.013525041751563549
0.05484301224350929
0.02813561074435711
0.06099795922636986
0.02736838534474373
0.3734273314476013
0.008812625892460346
0.016389649361371994
0.058322347700595856
0.020239852368831635
0.029523665085434914
0.036397356539964676
0.014714004471898079
0.03830510005354881
0.015981173142790794
0.08778930455446243
0.0236675888299942
0.017541594803333282
0.02390727400779724
0.02023847959935665
0.03905995190143585
0.011893725953996181
0.038699496537446976
0.01645347848534584
0.018287096172571182
0.05016501620411873
0.08832409232854843
0.05195709690451622
0.17613309621810913
0.01449772622436285
0.08850443363189697
0.0448681116104126
0.02262619510293007
0.03830984607338905
0.014910658821463585
0.009860942140221596
0.024830985814332962
0.022409163415431976
0.08669111877679825
0.037925563752651215
0.014971443451941013
0.005410697311162949
0.019776111468672752
0.01524015236645937
0.014564096927642822
0.025694556534290314
0.07389169931411743
0.056503504514694214
0.02841147966682911
0.03034980222582817
0.01799810491502285
0.02872796542942524
0.023566795513033867
0.08302542567253113
0.021734334528446198
0.16500572860240936
0.044600289314985275
0.03415572643280029
0.012858770787715912
0.018660258501768112
0.32510772347450256
0.10360126197338104
0.08624663203954697
0.038314610719680786
0.011692204512655735
0.00933902058750391
0.03494888171553612
0.010324457660317421
0.013721542432904243
0.029791705310344696
0.02124219387769699
0.04399052634835243
0.051839638501405716
0.01084260456264019
0.12552689015865326
0.012936719693243504
0.03285299986600876
0.019402986392378807
0.03785596415400505
0.1195773035287857
0.08989141136407852
0.006120113655924797
0.06968662142753601
0.05625610053539276
0.024326125159859657
0.019899073988199234
0.20734739303588867
0.1230347752571106
0.04336400702595711
0.08081307262182236
0.18590077757835388
0.004500958137214184
0.08673965930938721
0.012757215648889542
0.7913402915000916
0.027181526646018028
0.009123319759964943
0.05360977724194527
0.2657674551010132
0.017949668690562248
0.024648204445838928
0.0175903532654047
0.024295644834637642
0.020710377022624016
0.014587895013391972
0.027796396985650063
0.018951496109366417
0.029738711193203926
0.012695498764514923
0.16875696182250977
0.019480329006910324
0.0514637716114521
0.012220382690429688
0.011449514888226986
0.15594430267810822
0.04521317034959793
0.11013754457235336
0.06797147542238235
0.042930327355861664
0.07759029418230057
0.10758035629987717
0.013844426721334457
0.0315576009452343
0.04261697456240654
0.053942758589982986
0.009327279403805733
0.015637747943401337
0.01327433716505766
0.09177619218826294
0.10536181926727295
0.009921352379024029
0.020785821601748466
0.019334666430950165
0.02875402569770813
0.12686783075332642
0.046210531145334244
0.008069674484431744
0.07014645636081696
0.02807650715112686
0.011334373615682125
0.04287608712911606
0.017321493476629257
0.09226062893867493
0.07583414763212204
0.01568641886115074
0.1408105343580246
0.03753342851996422
0.021480640396475792
0.008012816309928894
0.2141384333372116
0.06372401118278503
0.017701266333460808
0.03488170728087425
0.014852032996714115
0.023362208157777786
0.045828498899936676
0.046584684401750565
0.10523147135972977
0.007120832335203886
0.04131442308425903
0.029181737452745438
0.02975495532155037
0.13580341637134552
0.036336272954940796
0.030672624707221985
0.03557845577597618
0.2004636824131012
0.021777382120490074
0.052256029099226
0.44872212409973145
0.09586929529905319
0.02643740177154541
0.01782265119254589
0.23022054135799408
0.02784745581448078
0.030731718987226486
0.0327315554022789
0.017537329345941544
0.015240303240716457
0.1433558613061905
0.2734736204147339
0.005594814196228981
0.015832524746656418
0.12901003658771515
0.06009023264050484
0.018267953768372536
0.010567616671323776
0.2503253221511841
0.03639352321624756
0.056701935827732086
0.04249107465147972
0.013715223409235477
0.11457401514053345
0.010019408538937569
0.023427942767739296
0.015425894409418106
0.018898826092481613
0.012475294061005116
0.03492570295929909
0.09561067074537277
0.03582334518432617
0.028629932552576065
0.1435907632112503
0.008633441291749477
0.04439523071050644
0.03202350437641144
0.7562723755836487
0.005847592372447252
0.09717430919408798
0.019221585243940353
0.07003912329673767
0.566380500793457
0.05893097072839737
0.014551925472915173
0.09276851266622543
0.01241152361035347
0.030688008293509483
0.034708477556705475
0.0071024103090167046
0.006146038416773081
0.029360558837652206
0.04255393519997597
0.03310484066605568
0.02830391749739647
0.02369687147438526
0.01473634410649538
0.021168125793337822
0.0363386832177639
0.033243753015995026
0.1219443678855896
0.1196618601679802
0.0067413062788546085
0.037550441920757294
0.04984857887029648
0.01751529425382614
0.017077669501304626
0.1430864781141281
0.06480181962251663
0.007214953191578388
0.12455274164676666
0.08255325257778168
0.02610154263675213
0.08015663921833038
0.037295084446668625
0.02428795024752617
0.084799624979496
0.040608663111925125
0.010350407101213932
0.046697381883859634
0.08676276355981827
0.010329312644898891
0.026902105659246445
0.08118333667516708
0.04902954027056694
0.01788528449833393
0.03970230743288994
0.04741409793496132
0.022990453988313675
0.021662922576069832
0.01731802336871624
0.03017481416463852
0.45850732922554016
0.20155924558639526
0.05466245487332344
0.01577995903789997
0.08857093751430511
0.02344779670238495
0.14708229899406433
0.0573076494038105
0.09133689850568771
0.015901900827884674
0.0925200879573822
0.024252410978078842
0.11205729842185974
0.023778926581144333
0.0179121233522892
0.10134714841842651
0.027394356206059456
0.023401763290166855
0.10646777600049973
0.09450391680002213
0.08521375060081482
0.06460810452699661
0.0603734515607357
0.018500208854675293
0.015470901504158974
0.014411181211471558
0.013906930573284626
0.3269882798194885
0.02935444377362728
0.016154246404767036
0.09486555308103561
0.03276129812002182
0.04391361027956009
0.008000670932233334
0.01983664743602276
0.026513665914535522
0.19277338683605194
0.1904413104057312
0.029312362894415855
0.011614909395575523
0.020621033385396004
0.021997053176164627
0.024427875876426697
0.02089391089975834
0.02137397788465023
0.007484971079975367
0.04815027117729187
0.015606875531375408
0.01803796924650669
0.010494917631149292
0.014984470792114735
0.034555237740278244
0.021939413622021675
0.08979525417089462
0.014198868535459042
0.013800835236907005
0.011979430913925171
0.010313392616808414
0.012125039473176003
0.020990712568163872
0.018831219524145126
0.013981462456285954
0.01149092148989439
0.025195524096488953
0.1736384928226471
0.16814926266670227
0.04154466837644577
0.03836732357740402
0.026758339256048203
0.2738504707813263
0.1333380490541458
0.018875394016504288
0.0197829008102417
0.008253554813563824
0.009775600396096706
0.029537267982959747
0.05045994743704796
0.03094876930117607
0.014135992154479027
0.021814851090312004
0.039674799889326096
0.012676434591412544
0.05060500651597977
0.02015221118927002
0.00769374705851078
0.015663033351302147
0.15670926868915558
0.01620347984135151
0.02525361254811287
0.03996359929442406
0.022010691463947296
0.0922931507229805
0.05610307306051254
0.01570686511695385
0.26858001947402954
0.019288038834929466
0.009807214140892029
0.14242100715637207
0.032792702317237854
0.01580514758825302
0.031284622848033905
0.08389746397733688
0.03395359218120575
0.046578966081142426
0.038365624845027924
0.015277182683348656
0.08888284862041473
0.027282970026135445
0.025306981056928635
0.044689808040857315
0.016633694991469383
0.009848568588495255
0.009688738733530045
0.024197842925786972
0.015354149974882603
0.026558633893728256
0.01394644659012556
0.018695168197155
0.01880483143031597
0.02514023147523403
0.017381858080625534
0.07125899195671082
0.1840197592973709
0.05800595507025719
0.052752215415239334
0.06754282116889954
0.0288399588316679
0.028669636696577072
0.022399697452783585
0.026455026119947433
0.028999315574765205
0.012010057456791401
0.043750811368227005
0.009958063252270222
0.015829753130674362
0.032062701880931854
0.031307999044656754
0.020509783178567886
0.09600389003753662
0.01881139725446701
0.36849257349967957
0.027850674465298653
0.05124104022979736
0.10826968401670456
0.04705856367945671
0.02487427555024624
0.024286050349473953
0.011009031906723976
0.015664339065551758
0.0950227901339531
0.028719009831547737
0.1581546515226364
0.036544110625982285
0.011354351416230202
0.025816436856985092
0.11256025731563568
0.058696016669273376
0.017603760585188866
0.025706958025693893
0.012168624438345432
0.08007944375276566
0.026985131204128265
0.06281790137290955
0.018904808908700943
0.21752208471298218
0.036391206085681915
0.0558026060461998
0.042688868939876556
0.03228340670466423
0.02045365795493126
0.06927397847175598
0.008145580068230629
0.024178922176361084
0.014554901979863644
0.01603180170059204
0.010764208622276783
0.019392013549804688
0.010546473786234856
0.016547182574868202
0.0310947485268116
0.015144266188144684
0.06264585256576538
0.042027585208415985
0.040859099477529526
0.010219656862318516
0.015088646672666073
0.08947553485631943
0.019686587154865265
0.029745811596512794
0.09638920426368713
0.03991455212235451
0.0320340134203434
0.18881738185882568
0.018801864236593246
0.01139302458614111
0.010457525961101055
0.015260649845004082
0.0503629632294178
0.0228024423122406
0.0362786166369915
0.02162693813443184
0.04111683368682861
0.11324045062065125
0.0517139732837677
0.02208057790994644
0.05634776130318642
0.030932767316699028
0.09862961620092392
0.09254586696624756
0.053959183394908905
0.1559271216392517
0.31141892075538635
0.10701136291027069
0.0067771547473967075
0.01577291265130043
0.04574134573340416
0.02637271024286747
0.12763512134552002
0.04586371034383774
0.04357472434639931
0.020645467564463615
0.011424963362514973
0.021983575075864792
0.02946767956018448
0.034879978746175766
0.007045277860015631
0.02276669256389141
0.02862929180264473
0.04155389964580536
0.03792977333068848
0.047443993389606476
0.01961742341518402
0.038427941501140594
0.14115804433822632
0.02748098596930504
0.28983739018440247
0.05545059219002724
0.015896566212177277
0.14878420531749725
0.07549832761287689
0.013524726964533329
0.24675995111465454
0.030145313590765
0.0517805777490139
0.027593504637479782
0.010010212659835815
0.01873892731964588
0.02223111316561699
0.0630095824599266
0.07791060954332352
0.012671363539993763
0.020869849249720573
0.07679498195648193
0.021801577880978584
0.05698740854859352
0.0159976277500391
0.020487606525421143
0.010202544741332531
0.1041240245103836
0.07007063180208206
0.018110686913132668
0.019311195239424706
0.02020413801074028
0.02571103535592556
0.016865910962224007
1.073671817779541
0.03174329549074173
0.03548600152134895
0.022636113688349724
0.018360523506999016
0.04190776124596596
0.023967936635017395
0.026321658864617348
0.14886581897735596
0.016294730827212334
0.042045507580041885
0.03484869748353958
0.009259367361664772
0.05021290108561516
0.07263680547475815
0.01683899201452732
0.057467855513095856
0.014088892377912998
0.024953890591859818
0.028351910412311554
0.0641792044043541
0.018657946959137917
0.03373783454298973
0.017980368807911873
0.016588829457759857
0.013330613262951374
0.09763090312480927
0.009016075171530247
0.02236180379986763
0.02403736114501953
0.006161156110465527
0.07261572778224945
0.015132525004446507
0.047287408262491226
0.09794635325670242
0.08030617982149124
0.009884142316877842
0.028955111280083656
0.02168472856283188
0.011619429104030132
0.010101540945470333
0.03844332695007324
0.014954939484596252
0.009939722716808319
0.0945977196097374
0.015483718365430832
0.016964856535196304
0.12395009398460388
0.013441270217299461
0.06418991833925247
0.01174240093678236
0.05528055131435394
0.021491624414920807
0.022164523601531982
0.06383555382490158
0.017473964020609856
0.007977730594575405
0.03182307258248329
0.015754638239741325
0.02461818978190422
0.012691313400864601
0.04377944394946098
0.03778989240527153
0.3134509027004242
0.08634503930807114
0.04290332272648811
0.07117923349142075
0.01419096626341343
0.015085268765687943
0.7889090776443481
0.0947086364030838
0.03632298856973648
0.01534244604408741
0.04426455497741699
0.021869158372282982
0.0374612882733345
0.015109795145690441
0.015261481516063213
0.26615121960639954
0.10934533923864365
0.01375048141926527
0.4516277015209198
0.014535883441567421
0.019105972722172737
0.014875723049044609
0.014688994735479355
0.01027990784496069
0.027912018820643425
0.13438114523887634
0.028398264199495316
0.04884800687432289
0.03140074387192726
0.04621080681681633
0.015556083992123604
0.11047034710645676
0.3031329810619354
0.03918825462460518
0.06292310357093811
0.010439813137054443
0.2319498062133789
0.013748184777796268
0.026688573881983757
0.022858722135424614
0.07464207708835602
0.13012470304965973
0.006440280005335808
0.019428512081503868
0.308248370885849
0.007258586119860411
0.05127876624464989
0.018630515784025192
0.013546510599553585
0.015159663744270802
0.022510215640068054
0.0184037983417511
0.0563899464905262
0.031794946640729904
0.014814497902989388
0.01204601302742958
0.019595207646489143
0.49220040440559387
0.07375393062829971
0.014843822456896305
0.6263103485107422
0.03456160053610802
0.05710473656654358
0.029239065945148468
0.015682997182011604
0.017381830140948296
0.03638293594121933
0.012372474186122417
0.2736535966396332
0.0364273376762867
0.009896102361381054
0.01531541720032692
0.08488213270902634
0.06395766884088516
0.11827953904867172
0.16818569600582123
0.024225305765867233
0.023510176688432693
0.08658404648303986
0.02961435355246067
0.053991466760635376
0.020868120715022087
0.01190151646733284
0.010085583664476871
0.008841882459819317
0.01521227415651083
0.03771234676241875
0.04977798834443092
0.07881999760866165
0.012197638861835003
0.008383402600884438
0.04068790003657341
0.4002222716808319
0.024302665144205093
0.03682507202029228
0.16886752843856812
0.020932087674736977
0.029199982061982155
0.026385214179754257
0.07343744486570358
0.061260513961315155
0.09331870824098587
0.029055168852210045
0.0692848190665245
0.026527022942900658
0.016960671171545982
0.2833375334739685
0.006001878064125776
0.05360281094908714
0.051714349538087845
0.009504533372819424
0.14140214025974274
0.022420989349484444
0.006287501659244299
0.011789286509156227
0.010820794850587845
0.04198329523205757
0.019194221124053
0.02104533277451992
0.034004926681518555
0.022159261628985405
0.03357503563165665
0.015123214572668076
0.026188230141997337
0.19434519112110138
0.006827929522842169
0.026106446981430054
0.04935499653220177
0.2771550416946411
0.023835783824324608
0.03356969356536865
0.045755304396152496
0.024280259385704994
0.012846740894019604
0.03456704691052437
0.013511819764971733
0.03952252119779587
0.055097129195928574
0.010589919984340668
0.04857970401644707
0.1807664930820465
0.01791965216398239
0.018464596942067146
0.055505406111478806
0.02305442839860916
0.058408524841070175
0.05222812294960022
0.017803508788347244
0.05652867630124092
0.10946185141801834
0.014461546204984188
0.07194997370243073
0.09716589003801346
0.41655710339546204
0.03852801397442818
0.24123409390449524
0.4781988859176636
0.15959052741527557
0.014736087061464787
0.10761512070894241
0.5960739850997925
0.14822345972061157
0.02761830948293209
0.023706967011094093
0.1478048413991928
0.04597646743059158
0.0075806123204529285
0.03854914382100105
0.026339806616306305
0.16843053698539734
0.03744771331548691
0.01645677536725998
0.1299828439950943
0.031320054084062576
0.008043128997087479
0.04536191001534462
0.03079521469771862
0.02781463973224163
0.24846594035625458
0.012610739096999168
0.08238013833761215
0.011752297170460224
0.02958868257701397
0.03335493803024292
0.15418875217437744
0.038775984197854996
0.028163418173789978
0.01945822685956955
0.016561321914196014
0.031829871237277985
0.02555299736559391
0.012714316137135029
0.027796221897006035
0.040611714124679565
0.14285075664520264
0.15240676701068878
0.006440894212573767
0.023802027106285095
0.09950807690620422
0.02966962568461895
0.03098100610077381
0.05742865428328514
0.027229443192481995
0.04546359181404114
0.058918923139572144
0.021271834149956703
0.025402048602700233
0.010764413513243198
0.02169843204319477
0.014640899375081062
0.03087254986166954
0.030893515795469284
0.032618943601846695
0.008747419342398643
0.11374305933713913
0.09587540477514267
0.06318604201078415
0.044940900057554245
0.0464787632226944
0.17187270522117615
0.024721797555685043
0.23769743740558624
0.2258608192205429
0.03776250407099724
0.02334224432706833
0.08923907577991486
0.004196296911686659
0.11954417079687119
0.019607145339250565
0.040189698338508606
0.018088679760694504
0.013672447763383389
0.02284996025264263
0.0594184510409832
0.1470898985862732
0.027161182835698128
0.05606916546821594
0.03605286777019501
0.03650231659412384
0.036996010690927505
0.19221661984920502
0.02076595649123192
0.013719774782657623
0.04022621735930443
0.07081762701272964
0.029630232602357864
0.060998085886240005
0.022494077682495117
0.016177069395780563
0.03790901601314545
0.013105493038892746
0.1562422662973404
0.02295556291937828
1.5146127939224243
0.04950863495469093
0.016690561547875404
0.4445551037788391
0.02233283407986164
0.026271644979715347
0.023328615352511406
0.051444437354803085
0.02192607894539833
0.01667928881943226
0.07783342897891998
0.033041249960660934
0.0062791043892502785
0.07452981919050217
0.022655554115772247
0.104495108127594
0.05059714615345001
0.048138327896595
0.007664223667234182
0.009552421979606152
0.017928294837474823
0.025365788489580154
0.019970254972577095
0.029266659170389175
0.0639745369553566
0.050644952803850174
0.022647589445114136
0.052356429398059845
0.1296672821044922
0.15247178077697754
0.012687324546277523
0.009329989552497864
0.01295404601842165
0.008249289356172085
0.014024064876139164
0.1695169359445572
0.03155447170138359
0.02989521250128746
0.013448790647089481
0.07197082787752151
0.008400073274970055
0.022932831197977066
0.07062632590532303
0.012834376655519009
0.02191232331097126
0.019878877326846123
0.14886881411075592
0.040515441447496414
0.01146791037172079
0.015093207359313965
0.028570258989930153
0.4235215485095978
0.014513581059873104
0.0448344424366951
0.05610954761505127
0.034338269382715225
0.029904749244451523
0.011456985957920551
0.08008221536874771
0.008923392742872238
0.013690157793462276
0.025756513699889183
0.061723701655864716
0.031169753521680832
0.019411081448197365
0.03176609054207802
0.09064164012670517
0.024879226461052895
0.047228943556547165
0.027355296537280083
0.11119656264781952
0.008765501901507378
0.2810819149017334
0.02174724079668522
0.05221674218773842
0.010994929820299149
0.11517208069562912
0.011445569805800915
0.010138614103198051
0.011212995275855064
0.11760307103395462
0.0751304104924202
0.08813877403736115
0.0158085860311985
0.05617491528391838
0.03024112433195114
0.0827978104352951
0.022039365023374557
0.3744177222251892
0.017920436337590218
0.02389751374721527
0.007554846350103617
0.0684230625629425
0.04749615490436554
0.17615757882595062
0.09871504455804825
0.015343847684562206
0.031582310795784
0.02733447402715683
0.23060816526412964
0.06039205193519592
0.07247697561979294
0.0582406148314476
0.021402396261692047
0.16480030119419098
0.02307368814945221
0.010927529074251652
0.5178365707397461
0.028909938409924507
0.0198974572122097
0.023697325959801674
0.11068275570869446
0.18090562522411346
0.013958167284727097
0.06460865586996078
0.04582025483250618
0.0507199652493
0.392558217048645
0.0465557724237442
0.014536784961819649
0.020626356825232506
0.027548395097255707
0.049554452300071716
0.014883030205965042
0.056082114577293396
0.012813101522624493
0.09321445226669312
0.013208805583417416
0.046734631061553955
0.007916939444839954
0.02093585580587387
0.020478887483477592
0.1469423472881317
0.031241312623023987
0.14117883145809174
0.01787872612476349
0.04623553901910782
0.014407782815396786
0.12630148231983185
0.008179155178368092
0.006412380374968052
0.007338097784668207
0.05670478940010071
0.02069385163486004
0.009030959568917751
0.0316837802529335
0.012183313257992268
0.009713662788271904
0.01992243342101574
0.09063366800546646
0.1224108636379242
0.11259091645479202
0.20746619999408722
0.11097438633441925
0.26286739110946655
0.03177782893180847
0.012091466225683689
0.028667520731687546
0.02581126242876053
0.005228003952652216
0.17568489909172058
0.05770247057080269
0.019535960629582405
0.05868726968765259
0.011394902132451534
0.10743346065282822
0.031473468989133835
0.02509552612900734
0.06720603257417679
0.33201271295547485
0.32150998711586
0.012414075434207916
0.08265378326177597
0.021288342773914337
0.07376831024885178
0.013206654228270054
0.008181115612387657
0.0156962089240551
0.013569035567343235
0.010874710977077484
0.4533678889274597
0.0483488105237484
0.01830514706671238
0.025610605254769325
0.01906050369143486
0.06200611963868141
0.05367015674710274
0.08169246464967728
0.035713400691747665
0.01683490350842476
0.010192233137786388
0.042334556579589844
0.3043134808540344
0.03394882008433342
0.07572495937347412
0.04984479770064354
0.02217712067067623
0.01883883588016033
0.026320070028305054
0.09720064699649811
0.01467139832675457
0.07687969505786896
0.010441794991493225
0.05060410872101784
0.0762447640299797
0.11986483633518219
0.004497976042330265
0.029027855023741722
0.054348912090063095
0.017707398161292076
0.020130524411797523
0.02241491712629795
0.04302148148417473
0.05341200903058052
0.034785620868206024
0.3987354040145874
0.3468012809753418
0.01723995991051197
0.008947393856942654
0.04581171274185181
0.04711045324802399
0.033819496631622314
0.1033242866396904
0.06211197376251221
0.06529219448566437
0.09208396077156067
0.02424556575715542
0.015333304181694984
0.04845203459262848
0.045662809163331985
0.05921173468232155
0.05930452421307564
0.014144978486001492
0.058983176946640015
0.019606390967965126
0.02278841845691204
0.02625909447669983
0.29354017972946167
0.03511660546064377
0.038527555763721466
0.09610944241285324
0.012984057888388634
0.032328832894563675
0.01208692230284214
0.012906922958791256
0.011925947852432728
0.06789382547140121
0.023425113409757614
0.06985285133123398
0.008400080725550652
0.02081899158656597
0.04769793897867203
0.008043528534471989
0.06276564300060272
0.04369126632809639
0.042686738073825836
0.007717786822468042
0.019838673993945122
0.0520344041287899
0.008653784170746803
0.03665025532245636
0.1879577487707138
0.024163231253623962
0.02623497135937214
0.016421440988779068
0.1603371798992157
0.04307796433568001
0.007369726896286011
0.17300590872764587
0.0327722430229187
0.03357301279902458
0.025530287995934486
0.038918208330869675
0.03559403866529465
0.022244803607463837
0.030945686623454094
0.03840778023004532
0.01774737238883972
0.041616469621658325
0.025697100907564163
0.011451581493020058
0.03490853309631348
0.008420342579483986
0.29804617166519165
0.07249464094638824
0.04012163355946541
0.019491298124194145
0.1700451821088791
0.039005644619464874
0.03810876980423927
0.026886234059929848
0.024271223694086075
0.09052427858114243
0.011297047138214111
0.1429394632577896
0.02278926968574524
0.03671100363135338
0.059858255088329315
0.017482195049524307
0.03698820620775223
0.10253971070051193
0.18554095923900604
0.012525158002972603
0.026802293956279755
0.025508463382720947
0.014756551012396812
0.035586170852184296
0.032016947865486145
0.04806794971227646
0.022910479456186295
0.013448822312057018
0.13528861105442047
0.01160610094666481
0.13874483108520508
0.06704087555408478
0.08970696479082108
0.29930055141448975
0.022534647956490517
0.021547850221395493
0.01817074418067932
0.03391633182764053
0.01902678795158863
0.02532687783241272
0.04631871357560158
0.03771999850869179
0.0173207875341177
0.020285984501242638
0.07535475492477417
0.0310391616076231
0.0371386781334877
0.21526366472244263
0.03334788605570793
0.04104055091738701
0.02077474445104599
0.03534172847867012
0.07263260334730148
0.0285620279610157
0.023754609748721123
0.16502904891967773
0.01953175850212574
0.20481730997562408
0.017717154696583748
0.048865240067243576
0.006721197627484798
0.08346658945083618
0.019765440374612808
0.37882182002067566
0.01491045393049717
0.021870046854019165
0.009173897095024586
0.009271733462810516
0.016198469325900078
0.038791436702013016
0.011228841729462147
0.41508951783180237
0.05668923631310463
0.02717304788529873
0.029168885201215744
0.16096603870391846
0.0089876102283597
0.06396546959877014
0.02857530489563942
0.019837090745568275
0.05061478540301323
0.09533479064702988
0.11647365242242813
0.09599968045949936
0.04025578498840332
0.020268728956580162
0.024900134652853012
0.031050516292452812
0.011102862656116486
0.016477448865771294
0.057862330228090286
0.016140447929501534
0.010986506938934326
0.0555492602288723
0.040234118700027466
0.06307308375835419
0.039276812225580215
0.011459865607321262
0.06422310322523117
0.01854695938527584
0.012290170416235924
0.009940996766090393
0.014574307948350906
0.44371283054351807
0.0303520318120718
0.02040969394147396
0.09952253848314285
0.051569413393735886
0.027662141248583794
0.18413175642490387
0.031484536826610565
0.031120654195547104
0.060775309801101685
0.4673912227153778
0.012890934012830257
0.07519711554050446
0.14709582924842834
0.028774172067642212
0.026294391602277756
0.014961564913392067
0.029236752539873123
0.02334228903055191
0.04217124357819557
0.06869500875473022
0.14020691812038422
0.019695213064551353
0.04402221366763115
0.01659294217824936
0.04263952746987343
0.5643234848976135
0.08138972520828247
0.1366884559392929
0.02009238302707672
0.0072218673303723335
0.012663068249821663
0.0564749538898468
0.03128198906779289
0.18766841292381287
0.010879737325012684
0.08350174129009247
0.09996626526117325
0.09276421368122101
0.012766644358634949
0.011440649628639221
0.056626562029123306
0.025946080684661865
0.06282565742731094
0.023575304076075554
0.014353936538100243
0.04012478142976761
0.3034306466579437
0.014636645093560219
0.014294327236711979
0.09556630998849869
0.12263619899749756
0.021403172984719276
0.020206287503242493
0.05193547159433365
0.014165984466671944
0.0414564348757267
0.01669217087328434
0.04644632339477539
0.028109584003686905
0.0584077425301075
0.23635295033454895
0.07541213184595108
0.027256451547145844
0.039677269756793976
0.05232667550444603
0.03976643830537796
0.02064429223537445
0.04639891907572746
0.09453801810741425
0.12202182412147522
0.013388687744736671
0.018407460302114487
0.12263955920934677
0.04893259331583977
0.04144475236535072
0.018198182806372643
0.14960353076457977
0.028119182214140892
0.1505437195301056
0.037254203110933304
0.010467437095940113
0.05988144874572754
0.02381959743797779
0.06995226442813873
0.3525199592113495
0.029758471995592117
0.008934826590120792
0.020594099536538124
0.01257149875164032
0.08304703235626221
0.1703929901123047
0.06829078495502472
0.03354012966156006
0.12059774994850159
0.04255024343729019
0.01994105614721775
0.03596102073788643
0.10852328687906265
0.032222483307123184
0.0077997734770178795
0.017945943400263786
0.02002575807273388
0.01856374368071556
0.06267806142568588
0.00440429151058197
0.025634290650486946
0.0108409458771348
0.024138370528817177
0.03621986508369446
0.04157240688800812
0.018688729032874107
0.642714262008667
0.010297336615622044
0.05524219200015068
0.07855686545372009
0.062279731035232544
0.06166844069957733
0.01688374951481819
0.09734217077493668
0.044959183782339096
0.16393418610095978
0.02939205802977085
0.1337721198797226
0.012341626919806004
0.031729474663734436
0.03421013429760933
0.06872288882732391
0.08351128548383713
0.08622457087039948
1.9551814794540405
0.017421064898371696
0.046655427664518356
0.21493859589099884
0.014897285029292107
0.035033728927373886
0.03975518420338631
2.273300886154175
0.08633694052696228
0.15611571073532104
0.019968872889876366
0.019543476402759552
0.3452545702457428
0.013860447332262993
0.00739075755700469
0.015243672765791416
0.034897707402706146
0.010959715582430363
0.06481306254863739
0.09226232022047043
0.012049948796629906
0.019563619047403336
0.04277044162154198
0.053257402032613754
0.020613670349121094
0.29625260829925537
0.01673910580575466
0.015803681686520576
0.12330664694309235
0.22844204306602478
0.017615439370274544
0.0226290225982666
0.014845749363303185
0.01822289079427719
0.018678519874811172
0.019760219380259514
0.04231325909495354
0.09161709994077682
0.016290444880723953
0.012114305049180984
0.3219350576400757
0.033527400344610214
0.19426414370536804
0.01922970451414585
0.027550846338272095
0.015432837419211864
0.02280247211456299
0.012730538845062256
0.03573720529675484
0.18672524392604828
0.014337056316435337
0.03179742023348808
0.09810195118188858
0.03418206050992012
0.015819279477000237
0.011125564575195312
0.03948628157377243
0.018292082473635674
0.019220227375626564
0.0603739432990551
0.0478920042514801
0.018751617521047592
0.016018612310290337
0.014893809333443642
0.021290181204676628
0.1011190339922905
0.09166207164525986
0.0461706668138504
0.05886621028184891
0.013625594787299633
0.032427191734313965
0.021187182515859604
0.0109684644266963
0.09396058320999146
0.01555841788649559
0.02945721335709095
0.03500678017735481
0.11352958530187607
0.01700456254184246
0.05301850661635399
0.009249948896467686
0.3888210654258728
0.011524618603289127
0.053675804287195206
0.024131320416927338
0.03121316432952881
0.012561025097966194
0.01253260113298893
0.08582782745361328
0.4666886031627655
0.040614016354084015
0.010620001703500748
0.10407406836748123
0.06314295530319214
0.13924053311347961
0.02941729687154293
0.021655524149537086
0.016615886241197586
0.0703238770365715
0.023204391822218895
0.15525004267692566
0.14445529878139496
0.03263193368911743
0.06853403896093369
0.020749280229210854
0.02742108888924122
0.030940402299165726
0.00992127601057291
0.03297879546880722
0.08559179306030273
0.1071987971663475
0.08273656666278839
0.0732237845659256
0.20435987412929535
0.017276525497436523
0.01285089273005724
0.01502205990254879
0.008857131004333496
0.07046833634376526
0.03799685090780258
0.016439910978078842
0.47876930236816406
0.01419132761657238
0.01256625633686781
0.03241641819477081
0.024340743198990822
0.07589872926473618
0.09766022861003876
0.10017038881778717
0.0325489416718483
0.032729145139455795
0.05291743949055672
0.024277368560433388
0.2436167150735855
0.019254321232438087
0.018942996859550476
0.027522623538970947
0.029340365901589394
0.012821474112570286
0.21525853872299194
0.05794011428952217
0.022107960656285286
0.006715701427310705
0.19774548709392548
0.1080918237566948
0.17922931909561157
0.06901220232248306
0.05823976919054985
0.031050115823745728
0.0240896325558424
0.022886117920279503
0.013463504612445831
0.012852544896304607
0.06638643890619278
0.017888400703668594
0.024140579625964165
0.020463015884160995
0.013721630908548832
0.03382286801934242
0.02119646780192852
0.028505632653832436
0.03656740114092827
0.03191342204809189
0.013755333609879017
0.03504621982574463
0.010511253029108047
0.01328857522457838
0.014529273845255375
0.033773817121982574
0.017939196899533272
0.16604076325893402
0.01145907212048769
0.01426887046545744
0.014460710808634758
0.15855060517787933
0.046792518347501755
0.3297032117843628
0.03117617778480053
0.015616673976182938
0.09273790568113327
0.01636394113302231
0.03419312462210655
0.03832675889134407
0.007100967224687338
0.01583646796643734
0.015266421250998974
0.01338213961571455
0.009825184941291809
0.01671707071363926
0.012125769630074501
0.016729986295104027
0.02885449305176735
0.04759826138615608
0.024041729047894478
0.02683614380657673
0.0613587312400341
0.01018555462360382
0.18493962287902832
0.22517095506191254
0.010220143012702465
0.18433032929897308
0.1267453283071518
0.051665060222148895
0.01825571060180664
0.011849313974380493
0.027817320078611374
0.04515260457992554
0.05888897180557251
0.025942057371139526
0.08021283894777298
0.326609343290329
0.20251193642616272
0.03253726661205292
0.008805475197732449
0.2376355081796646
0.10378161817789078
0.04193056747317314
0.040364038199186325
0.2638680934906006
0.07877073436975479
0.012006822042167187
0.01674557290971279
0.02529657818377018
0.018232714384794235
0.01258061919361353
0.10968336462974548
0.04901490360498428
0.027404706925153732
0.04326578229665756
0.07101833075284958
0.042566943913698196
0.024964677169919014
0.00751979136839509
0.01376359723508358
0.20079348981380463
0.010641220025718212
0.029085924848914146
0.016331885010004044
0.031355030834674835
0.016858339309692383
0.015166849829256535
0.06569954007863998
0.05816977471113205
0.016355758532881737
0.020939068868756294
0.0117939542979002
0.10298123210668564
0.015111370012164116
0.014861448667943478
0.09443207830190659
0.017576362937688828
0.024877775460481644
0.1361539214849472
0.11072790622711182
0.03866218775510788
0.06851717829704285
0.3097926676273346
0.023134293034672737
0.01059911772608757
0.01972654089331627
0.018145959824323654
0.043083108961582184
0.05519551411271095
0.03352709487080574
0.1140434518456459
0.011355049908161163
0.06508354097604752
0.05257860943675041
0.03291443735361099
0.013169240206480026
0.33834096789360046
0.1007099524140358
0.07372644543647766
0.026136567816138268
0.009535527788102627
0.03418485447764397
0.01828678324818611
0.027852492406964302
0.02625029720366001
0.020451487973332405
0.0361407995223999
0.019584907218813896
0.0171477273106575
0.025675643235445023
0.04207413271069527
0.015827925875782967
0.08992499858140945
0.16599999368190765
0.012211618945002556
0.1260214000940323
0.025514569133520126
0.037708550691604614
0.030429037287831306
0.027757685631513596
0.024811571463942528
0.13885155320167542
0.04849303141236305
0.05232669785618782
0.039368174970149994
0.018117716535925865
0.012873588129878044
0.03542380407452583
0.07105814665555954
0.05041247233748436
0.018049567937850952
0.015382933430373669
0.014378714375197887
0.04427190124988556
0.026058338582515717
0.1449786126613617
0.014682076871395111
0.023604493588209152
0.019826296716928482
0.10286467522382736
0.008744521997869015
0.05919215455651283
0.010611677542328835
0.007046875078231096
0.27143213152885437
0.13077412545681
0.010202314704656601
0.014521947130560875
0.1480543613433838
0.022749869152903557
0.03431709483265877
1.1376316547393799
0.014033310115337372
0.005993625149130821
0.021389933302998543
0.017625080421566963
0.009622926823794842
0.010638292878866196
0.1191956028342247
0.028600391000509262
0.020007865503430367
0.13773705065250397
0.053552377969026566
0.01179902907460928
0.020463649183511734
0.03133910521864891
0.02547009103000164
0.03266141936182976
0.02037200890481472
0.21126137673854828
0.07584746927022934
0.020877163857221603
0.02789491042494774
0.01222823467105627
0.024139737710356712
0.057448841631412506
0.19277183711528778
0.03297572582960129
0.013635056093335152
0.009954740293323994
0.1087530180811882
0.024680286645889282
0.026122000068426132
0.024367056787014008
0.23319247364997864
0.031647246330976486
0.0323646254837513
0.028291022405028343
0.04756949841976166
0.022820698097348213
0.021294131875038147
0.011023557744920254
0.18596215546131134
0.2937350869178772
0.053820423781871796
0.022326773032546043
0.011270718649029732
0.037777986377477646
0.023504896089434624
0.011262357234954834
0.11257653683423996
0.007815120741724968
0.06661289185285568
0.15469692647457123
0.04624317213892937
0.01724352315068245
0.028488025069236755
0.01948939450085163
0.04135293513536453
0.013523298315703869
0.02728460542857647
0.042915228754282
0.03791080042719841
0.0320010706782341
0.08114293217658997
0.023034613579511642
0.04686446487903595
0.1355787217617035
0.03623400628566742
0.007027932908385992
0.16978193819522858
0.02801612764596939
0.07729882746934891
0.024929380044341087
0.026508687064051628
0.07973926514387131
0.28703805804252625
0.009782214649021626
0.00696861557662487
0.10239271074533463
0.023881541565060616
0.09457738697528839
0.010697797872126102
0.0686805248260498
0.07097622752189636
0.025299962610006332
0.016375837847590446
0.02440650761127472
0.05110396817326546
0.020546114072203636
0.008805613964796066
0.03624396771192551
0.06542281806468964
0.03490270674228668
0.1410551518201828
0.17519108951091766
0.05726592242717743
0.01693350449204445
0.010803453624248505
0.05529038608074188
0.029849620535969734
0.016948431730270386
0.06743258237838745
0.03471890464425087
0.07510652393102646
0.01212954893708229
0.029384691268205643
0.034207236021757126
0.04908476397395134
0.20242369174957275
0.029360130429267883
0.03620173782110214
0.020032618194818497
0.030591988936066628
0.24627919495105743
0.031123673543334007
0.09126859158277512
0.019291365519165993
0.04039506986737251
0.020505884662270546
0.02450145035982132
0.017651306465268135
0.07239945977926254
0.07117423415184021
0.012791349552571774
0.026009181514382362
0.09781357645988464
0.08514269441366196
0.014487562701106071
0.04747828468680382
0.024842271581292152
0.03136787563562393
0.014950254000723362
0.007399911992251873
0.016250208020210266
0.06126478314399719
0.025291822850704193
0.022716179490089417
0.11702194809913635
0.025340521708130836
0.06609319150447845
0.07313527911901474
0.015527303330600262
0.04357331991195679
0.03594549745321274
0.010407423600554466
0.009229248389601707
0.04780270531773567
0.14039592444896698
0.16162127256393433
0.03770652785897255
0.019393159076571465
0.0479603111743927
0.015915239229798317
0.014163431711494923
0.04355726018548012
0.04280310124158859
0.042163677513599396
0.027095118537545204
0.03850284591317177
0.03523910045623779
0.029913699254393578
0.39668479561805725
0.02246243506669998
0.023105300962924957
0.03477009758353233
0.8095016479492188
0.028816569596529007
0.053395237773656845
0.029386889189481735
0.021084772422909737
0.05697253718972206
0.019669145345687866
0.007503080647438765
0.3862587809562683
0.014460127800703049
0.019717104732990265
0.03370315581560135
0.009007309563457966
0.06954236328601837
0.027902988716959953
0.01127695757895708
0.16517752408981323
0.03347261622548103
0.02133714035153389
0.11783565580844879
0.008130240254104137
0.007795344106853008
0.045029815286397934
0.15999406576156616
0.029285769909620285
0.02884873002767563
0.026753295212984085
0.0185584407299757
0.01664176769554615
0.045584894716739655
0.19740766286849976
0.13790185749530792
0.07345262914896011
0.05818995088338852
0.040471453219652176
0.0446893610060215
0.03466324880719185
0.038951948285102844
0.08750387281179428
0.06011345610022545
0.018048547208309174
0.01433086022734642
0.006030547898262739
0.01755349151790142
0.011416406370699406
0.11331813782453537
0.025035804137587547
0.10317724198102951
0.07775939255952835
0.025581466034054756
0.08164709806442261
0.01321642566472292
0.013097776100039482
0.024852534756064415
0.012466318905353546
0.12415897101163864
0.029970016330480576
0.12646643817424774
0.04774204269051552
0.04376735910773277
0.016719000414013863
0.029652714729309082
0.041503384709358215
0.07752864807844162
0.02910235896706581
0.17627118527889252
0.02299521118402481
0.1439712941646576
0.06221240386366844
0.42599785327911377
0.02171890065073967
0.020237388089299202
0.024558324366807938
0.014870276674628258
0.022167595103383064
0.04367668926715851
0.4081604480743408
0.0303728636354208
0.028321074321866035
0.01500628050416708
0.009958676062524319
0.05547488108277321
0.07206975668668747
0.3415015935897827
0.1583797186613083
0.026962431147694588
0.030855834484100342
0.007160788401961327
0.027375247329473495
0.039637479931116104
0.021252620965242386
0.10039915144443512
0.01475636474788189
0.041133757680654526
0.008432704955339432
0.1527012288570404
0.02681231126189232
0.029040521010756493
0.04276139661669731
0.0170720424503088
0.010311467573046684
0.11044485121965408
0.04764223471283913
0.0826563835144043
0.018263721838593483
0.012475826777517796
0.11637965589761734
0.08242331445217133
0.3181254267692566
0.032210495322942734
0.07827161252498627
0.12061627209186554
0.024100350216031075
0.014228256419301033
0.028983118012547493
0.02649853751063347
0.03404715657234192
0.19226469099521637
0.038946397602558136
0.2911553978919983
0.056526780128479004
0.0222858265042305
0.015365423634648323
0.01125833485275507
0.029281558468937874
0.06270978599786758
0.050087012350559235
0.04254654794931412
0.014327805489301682
0.025325968861579895
0.02141752652823925
0.01070534996688366
0.02590901590883732
0.007195514161139727
0.12278054654598236
0.019406117498874664
0.05356934294104576
0.031228849664330482
0.05241583660244942
0.018475204706192017
0.03802774101495743
0.04421553760766983
0.01881973259150982
0.031156355515122414
0.011888322420418262
0.06697868555784225
0.22363755106925964
0.06495511531829834
0.01647019386291504
0.09010591357946396
0.040838729590177536
0.015241839922964573
0.052266351878643036
0.019520845264196396
0.13875184953212738
0.02456563152372837
0.008343304507434368
0.046713490039110184
0.004949834663420916
0.02633090689778328
0.01956809125840664
0.03025384433567524
0.01497288141399622
0.011593668721616268
0.09128488600254059
0.03949462249875069
0.014799783006310463
0.08561455458402634
0.028568854555487633
0.23343464732170105
0.015540382824838161
0.029042532667517662
0.042505502700805664
0.0360400527715683
0.023853573948144913
0.021346086636185646
0.013428357429802418
0.035023897886276245
0.0183577798306942
0.01772647351026535
0.006394823547452688
0.03142669051885605
0.025042347609996796
0.20073114335536957
0.05579378455877304
0.13612110912799835
0.013059953227639198
0.12190200388431549
0.010453826747834682
0.017293963581323624
0.06522976607084274
0.028795473277568817
0.033354759216308594
0.16647842526435852
0.051789380609989166
0.020980603992938995
0.08347193151712418
0.07451894879341125
0.024192871525883675
0.012021476402878761
0.04631562530994415
0.03622010350227356
0.053092777729034424
0.01355021446943283
0.05039919540286064
0.04817619174718857
0.18990105390548706
0.007940175011754036
0.026302402839064598
0.10246382653713226
0.04641387611627579
0.022597387433052063
0.09048344939947128
0.013343382626771927
0.02308388613164425
0.03203126788139343
0.021862031891942024
0.024174271151423454
0.16536475718021393
0.021017713472247124
0.02245050109922886
0.010825656354427338
0.027337776497006416
0.02260584942996502
0.06048624962568283
0.12732918560504913
0.012497233226895332
0.018116390332579613
0.011825545690953732
0.022282475605607033
0.01842520199716091
0.025547444820404053
0.01141207292675972
0.043859899044036865
0.2373075634241104
0.043400999158620834
0.017839180305600166
0.008812795393168926
0.013138574548065662
0.07905914634466171
0.05408380180597305
0.04495225474238396
0.035114485770463943
0.0639442503452301
0.0902562290430069
0.018316376954317093
0.10816048830747604
0.050729189068078995
0.005760266911238432
0.10058869421482086
0.015489951707422733
0.10591128468513489
0.026791928336024284
0.6480065584182739
0.014160272665321827
0.034427475184202194
0.03361086919903755
0.01502176746726036
0.0058429306373000145
0.02815108932554722
0.009699136018753052
0.039506275206804276
0.20898650586605072
0.02952953428030014
0.017716197296977043
0.012757698073983192
0.019070940092206
0.019189951941370964
0.006446492858231068
0.016757553443312645
0.007472457829862833
0.06074950098991394
0.018239272758364677
0.031680382788181305
0.11119617521762848
0.050343144685029984
0.008231105282902718
0.046693332493305206
0.007035814691334963
0.012666577473282814
0.14636746048927307
0.009506093338131905
0.22037610411643982
0.0573994517326355
0.041659485548734665
0.020121555775403976
0.011079917661845684
0.027844170108437538
0.020342038944363594
0.11535397171974182
0.03318927437067032
0.01597578451037407
0.48251715302467346
0.06083017215132713
0.07468616217374802
0.3282952606678009
0.03756469860672951
0.05552912876009941
0.0071936859749257565
0.02900334633886814
0.02072974480688572
0.06132103130221367
0.1210365816950798
0.043295733630657196
0.029711956158280373
0.04225239157676697
0.019376490265130997
0.043509792536497116
0.37793493270874023
0.016743432730436325
0.017306452617049217
0.10818281024694443
0.089134082198143
0.019694384187459946
0.04337019845843315
0.01033457275480032
0.01995987631380558
0.05765487626194954
0.04282556101679802
0.016008418053388596
0.0756051167845726
0.04505132511258125
0.06907238066196442
0.2534653842449188
0.06927964091300964
0.06894870847463608
0.008683834224939346
0.011385415680706501
0.12670820951461792
0.06636384129524231
0.03229381516575813
0.08616265654563904
0.02366272732615471
0.02301149070262909
0.03503075987100601
0.030995793640613556
0.23915359377861023
0.03754871338605881
0.021147722378373146
0.07179232686758041
0.11677111685276031
0.22587397694587708
0.02235834114253521
0.3284231424331665
0.01951732486486435
0.16532497107982635
0.03933635726571083
0.2201061248779297
0.007450162433087826
0.010847251862287521
0.2410522699356079
0.026258764788508415
0.023016778752207756
0.05647997930645943
0.05343934893608093
0.029568839818239212
0.01988547295331955
0.02435721643269062
0.01881762407720089
0.20869219303131104
0.11424520611763
0.030481338500976562
0.013949744403362274
0.08325454592704773
0.010137856937944889
0.03828519582748413
0.029888857156038284
0.06676386296749115
0.017803508788347244
0.08094390481710434
0.047894030809402466
0.04742031544446945
0.005827568471431732
0.01682329922914505
0.03484751656651497
0.039104875177145004
0.031996872276067734
0.015598547644913197
0.03482923284173012
0.20403185486793518
0.28382521867752075
0.05068919062614441
0.032974787056446075
0.09013150632381439
0.016922492533922195
0.04334321618080139
0.016706794500350952
0.011340701952576637
0.12371663749217987
0.01973920315504074
0.014676081947982311
0.021677838638424873
0.03030824474990368
0.029445284977555275
0.006431926041841507
0.0180655587464571
0.02159256860613823
0.028577517718076706
0.03059922344982624
0.016031518578529358
0.12830455601215363
0.03337608277797699
0.05053450167179108
0.025289228186011314
0.01300310343503952
0.02370362915098667
0.005722030997276306
0.01396097894757986
0.03699229657649994
0.01415623351931572
0.021069124341011047
0.038625698536634445
0.10501116514205933
0.023274743929505348
0.02470008283853531
0.015345197170972824
0.12787024676799774
0.07041264325380325
0.048300616443157196
0.08744032680988312
0.034820180386304855
0.065669484436512
0.05841768905520439
0.05089251697063446
0.0195023100823164
0.01287518534809351
0.5007972121238708
0.010540399700403214
0.06429218500852585
0.016159744933247566
0.019102150574326515
0.019616512581706047
0.0422900952398777
0.030606292188167572
0.00970480963587761
0.10618511587381363
0.26798418164253235
0.03317426145076752
0.05516016110777855
0.03830167278647423
0.08943057805299759
0.02233591303229332
0.00931540410965681
0.11755973100662231
0.0675126165151596
0.04424110800027847
0.030947929248213768
0.18187767267227173
0.06025514006614685
0.02231735736131668
0.005791414063423872
0.23380786180496216
0.0627797320485115
0.014231162145733833
0.04704824090003967
0.1353289633989334
0.037988170981407166
0.2758414149284363
0.07341678440570831
0.05521531030535698
0.14892533421516418
0.09530110657215118
0.011987271718680859
0.0301325935870409
0.024084875360131264
0.07410912960767746
0.02254287339746952
0.020197896286845207
0.103498674929142
0.07214177399873734
0.010018652305006981
0.013483656570315361
0.07159203290939331
0.5291187763214111
0.05879853665828705
0.014834047295153141
0.06242769584059715
0.023920349776744843
0.014513085596263409
0.09047801792621613
0.03967386856675148
0.09947803616523743
0.25860458612442017
0.013668771833181381
0.02531149610877037
0.01645851507782936
0.032760534435510635
0.07097691297531128
0.010567129589617252
0.01906047947704792
0.035107579082250595
0.01694057136774063
0.02884385734796524
0.15417642891407013
0.036369238048791885
0.015687504783272743
0.02059994824230671
0.01947220228612423
0.021708887070417404
0.1105058416724205
0.0178508460521698
0.04738751798868179
0.014299847185611725
0.01208996120840311
0.041764795780181885
0.012541268952190876
0.02837982587516308
0.03641202300786972
0.11121147125959396
0.013094314374029636
0.009494977071881294
0.06978479772806168
0.02036985009908676
0.030787644907832146
0.03966423496603966
0.10472709685564041
0.06633859127759933
0.021767515689134598
0.028005512431263924
0.1338430494070053
0.00573386624455452
0.026227880269289017
0.04931781068444252
0.04512980952858925
0.024637402966618538
0.07458394765853882
0.03755480796098709
0.07683496922254562
0.2802068591117859
0.02197919972240925
0.03697545453906059
0.005892620887607336
0.07100915163755417
0.011446285992860794
0.01681739091873169
0.030075429007411003
0.714803159236908
0.025715982541441917
0.16764900088310242
0.03750471770763397
0.042054347693920135
0.018647808581590652
0.059547293931245804
0.4594140648841858
0.39787936210632324
0.003794665215536952
0.01109736505895853
0.06775900721549988
0.025111492723226547
0.025906063616275787
0.022694451734423637
0.025595517829060555
0.025614013895392418
0.06529109925031662
0.08434934169054031
0.1660899668931961
0.1037537157535553
0.07363151013851166
0.01397527102380991
0.015931226313114166
0.014919789507985115
0.011938516981899738
0.5324794054031372
0.008766007609665394
0.03989003971219063
0.30289363861083984
0.01590290665626526
0.10648595541715622
0.021431168541312218
0.05142907798290253
0.022297797724604607
0.03685694560408592
0.05731770023703575
0.04085346311330795
0.015204383991658688
0.03605217486619949
0.02699103206396103
0.012077738530933857
0.02000530995428562
0.009735621511936188
0.012432328425347805
0.04487869143486023
0.017409157007932663
0.03437001630663872
0.08482623100280762
0.044173505157232285
0.026431715115904808
0.040997687727212906
0.04490412399172783
0.05123552680015564
0.09503863006830215
0.02048991248011589
0.020318401977419853
0.03119918890297413
0.03875025734305382
0.058784618973731995
0.03006555326282978
0.023640451952815056
0.033390145748853683
0.294725626707077
0.08961287885904312
0.02381790615618229
0.06643518060445786
0.05202936381101608
0.007644654717296362
0.03767520934343338
0.02754923142492771
0.24010011553764343
0.007357952184975147
0.022622132673859596
0.033507220447063446
0.008590047247707844
0.02359970286488533
0.016081955283880234
0.014312034472823143
0.015204077586531639
0.013325193896889687
0.014974476769566536
0.043022193014621735
0.031762782484292984
0.01764565333724022
0.028266070410609245
0.020692920312285423
0.025991180911660194
0.021568873897194862
0.04619559273123741
0.09220973402261734
0.03140506148338318
0.10560701787471771
0.2000146508216858
0.034183766692876816
0.0218089260160923
0.12376325577497482
0.01753382198512554
0.006616273894906044
0.07015092670917511
0.3345545530319214
0.02264758199453354
0.04678329452872276
0.06685037910938263
0.13883072137832642
0.04455538094043732
0.04044492170214653
0.02570144273340702
0.025534139946103096
0.045889150351285934
0.0134374238550663
0.09104561060667038
0.08419854938983917
0.06223778426647186
0.03696783259510994
0.08693426102399826
0.03846830129623413
0.04564468190073967
0.25007885694503784
0.055355727672576904
0.049261756241321564
0.02873692847788334
0.16193725168704987
0.08407650887966156
0.04101426526904106
0.06556686758995056
0.18872112035751343
0.031594567000865936
0.37882015109062195
0.018206177279353142
0.023282578215003014
0.08503666520118713
0.0314527191221714
0.01982240006327629
0.18719065189361572
0.07780217379331589
0.3060668706893921
0.0862937718629837
0.062103550881147385
0.02502070739865303
0.1889577955007553
0.12798281013965607
0.022860636934638023
0.6521600484848022
0.0232087429612875
0.026816731318831444
0.014414532110095024
0.1653895378112793
0.04352562129497528
0.06334621459245682
0.01594238169491291
0.027350977063179016
0.0650588646531105
0.010350254364311695
0.013284004293382168
0.019223326817154884
0.03611961752176285
0.017273424193263054
0.04836491867899895
0.018684713169932365
0.021569501608610153
0.016837112605571747
0.010386580601334572
0.011231997981667519
0.08793202042579651
0.05841132625937462
0.01371064130216837
0.07215534895658493
0.02790161408483982
0.009681286290287971
0.028928294777870178
0.033426351845264435
0.10747275501489639
0.054986972361803055
0.011248511262238026
0.022610720247030258
0.6903525590896606
0.05266844481229782
0.03797324746847153
0.07971403747797012
0.018460622057318687
0.020989950746297836
0.2866233289241791
0.16764700412750244
0.008774596266448498
0.0290002953261137
0.025452861562371254
0.02999463677406311
0.08714284747838974
0.020297391340136528
0.01902315765619278
0.011219116859138012
0.11659859120845795
0.02970980852842331
0.023303614929318428
0.05296354740858078
0.031861722469329834
0.11278725415468216
0.025754529982805252
0.01262863539159298
0.019796034321188927
0.02281978540122509
0.013896604999899864
0.015523658134043217
0.15370522439479828
0.024831393733620644
0.39543163776397705
0.034364327788352966
0.01959329843521118
0.08108653873205185
0.07335832715034485
0.024322401732206345
0.01424219086766243
0.027312280610203743
0.11332078278064728
0.012359903194010258
0.054182399064302444
0.7477975487709045
0.04472551494836807
0.06314647942781448
0.013284759595990181
0.10353061556816101
0.010268793441355228
0.05639370530843735
0.6382254362106323
0.04687642306089401
0.05693884938955307
0.027804289013147354
0.05400082841515541
0.017226967960596085
0.0223898533731699
0.12738874554634094
0.012503799051046371
0.045227937400341034
0.0734202042222023
0.029179472476243973
0.037774354219436646
0.03783068433403969
0.02237224578857422
0.01351889781653881
0.06408468633890152
0.4372398257255554
0.20898254215717316
0.016719361767172813
0.018590768799185753
0.009826808236539364
0.12832032144069672
0.01813163422048092
0.023962121456861496
0.04369394853711128
0.024183660745620728
0.08114618062973022
0.03656904026865959
0.03274404630064964
0.14794112741947174
0.07867351174354553
0.8413026332855225
0.027867533266544342
0.053451504558324814
0.033271171152591705
0.048674799501895905
0.08721192181110382
0.23747260868549347
0.03899838775396347
0.007642533630132675
0.022580252960324287
0.06569322943687439
0.01568368636071682
0.01747160591185093
0.008064565248787403
0.030146822333335876
0.02183188870549202
0.0223012026399374
0.055018480867147446
0.0305769182741642
0.020550552755594254
0.008837098255753517
0.05646649748086929
0.02878499962389469
0.3957839012145996
0.05305328965187073
0.007415845524519682
0.07602132111787796
0.012437473982572556
0.015800487250089645
0.03121207468211651
0.020037226378917694
0.8841130137443542
0.02213667519390583
0.015274597331881523
0.034604378044605255
0.016269300132989883
0.05266723781824112
0.030539195984601974
0.010913461446762085
0.06159849837422371
0.12546169757843018
0.04344167187809944
0.022875133901834488
0.07683520019054413
0.005278916098177433
0.006828227546066046
0.0193601343780756
0.0924995094537735
0.033277325332164764
0.1969265192747116
0.266516774892807
0.015494300052523613
0.010894658975303173
0.025358811020851135
0.011842724867165089
0.02307666465640068
0.030866846442222595
0.1313694417476654
0.04138367995619774
0.01208543498069048
0.02983010560274124
0.04782341420650482
0.022646445780992508
0.2786884009838104
0.01262584887444973
0.02732149139046669
0.03437776491045952
0.012299392372369766
0.012026895768940449
0.01557022612541914
0.014232181012630463
0.010027537122368813
0.1705431193113327
0.018164612352848053
0.01948724500834942
0.027212126180529594
0.025415396317839622
0.01584595814347267
0.06372858583927155
0.012358324602246284
0.005300726741552353
0.3229397237300873
0.04428636282682419
0.06869721412658691
0.02145702764391899
0.06589560955762863
0.17726272344589233
0.02540617249906063
0.013524381443858147
0.014713505282998085
0.05980846658349037
0.02411355823278427
0.02771749161183834
0.06962518393993378
0.021329671144485474
0.011810324154794216
0.009393729269504547
0.028756044805049896
0.026995081454515457
0.06809962540864944
0.3238235116004944
0.013478568755090237
0.034311991184949875
0.06061914190649986
0.013784774579107761
0.21688547730445862
0.02384180948138237
0.029027806594967842
0.04317989572882652
0.013892862014472485
0.03341112658381462
0.0110836336389184
0.022755056619644165
0.011634205467998981
0.01067590992897749
1.0549777746200562
0.07068376988172531
0.024419670924544334
0.013952190056443214
0.23268412053585052
0.02146187797188759
0.07467171549797058
0.03125813975930214
0.015283099375665188
0.2611110806465149
0.016655195504426956
0.06651473045349121
0.013686836697161198
0.0246921144425869
0.03513850271701813
0.059862952679395676
0.06600004434585571
0.012220829725265503
0.01988369971513748
0.03286195918917656
0.021317685022950172
0.21010161936283112
0.0050367023795843124
0.010929718613624573
0.035079121589660645
0.03905162215232849
0.03876031935214996
0.020867079496383667
0.1569146364927292
0.006750746630132198
0.012142524123191833
0.353973388671875
0.022600768133997917
0.07209287583827972
0.012619058601558208
0.09781983494758606
0.02483867108821869
0.013035005889832973
0.03855146840214729
0.24758899211883545
0.01974460482597351
0.01838778890669346
0.007592402398586273
0.014686163514852524
0.008974668569862843
0.016645314171910286
0.009898196905851364
0.012624599039554596
0.010612035170197487
0.014049788005650043
0.028630131855607033
0.10640913248062134
0.25892242789268494
0.03088264726102352
0.02091095969080925
0.015125083737075329
0.022562338039278984
0.06046362966299057
0.029913222417235374
0.07482245564460754
0.018149200826883316
0.017786823213100433
0.07601273059844971
0.04411076754331589
0.05960209667682648
0.008832288905978203
0.014954429119825363
0.01994359865784645
0.011453739367425442
0.018629571422934532
0.03153236582875252
0.04654383659362793
0.057851966470479965
0.028629103675484657
0.015404129400849342
0.04410874843597412
0.20979814231395721
0.007598584983497858
0.08407620340585709
0.025908395648002625
0.053350403904914856
0.014739328995347023
0.043641120195388794
0.06457830965518951
0.05839111655950546
0.06170514225959778
0.021935472264885902
0.016645876690745354
0.019911939278244972
0.1303621530532837
0.013505143113434315
0.045967407524585724
0.15418757498264313
0.17995724081993103
0.2332017421722412
0.07150831073522568
0.0123088788241148
0.07748814672231674
0.020181778818368912
0.0215890035033226
0.03821538761258125
0.3443179726600647
0.026484955102205276
0.018829137086868286
0.009433909319341183
0.011943667195737362
0.022545205429196358
0.013703188858926296
0.15906669199466705
0.025074295699596405
0.07360140979290009
0.05678640678524971
0.0638381764292717
0.13021770119667053
0.028726307675242424
0.010805847123265266
0.15331895649433136
0.03303949907422066
0.018837271258234978
0.041617609560489655
0.1913699060678482
0.030018994584679604
0.011556983925402164
0.018394410610198975
0.06365276873111725
0.011491114273667336
0.03652786463499069
0.020841533318161964
0.03096129558980465
0.03609868139028549
0.009931842796504498
0.13871589303016663
0.03435012698173523
0.012904786504805088
0.11693509668111801
0.1363627314567566
0.33850422501564026
0.017482159659266472
0.024535035714507103
0.026479264721274376
0.011828501708805561
0.06595516204833984
0.026067722588777542
0.037491828203201294
0.015170644037425518
0.015980783849954605
0.06326339393854141
0.02760636992752552
0.053100526332855225
0.023314110934734344
0.2511010468006134
0.03854351118206978
0.02357550710439682
0.0076266066171228886
0.03910495713353157
0.023487593978643417
0.018433064222335815
0.011072090826928616
0.05483488738536835
0.02627566084265709
0.040000420063734055
0.010389003902673721
0.04967999458312988
0.0055190217681229115
0.045845817774534225
0.09938276559114456
0.026666471734642982
0.04709890857338905
0.017703501507639885
0.4085142910480499
0.13242724537849426
0.01798110082745552
0.10872045159339905
0.06662054359912872
0.009624195285141468
0.052314843982458115
0.09348787367343903
0.12904424965381622
0.1402009129524231
0.0214312095195055
0.02468147501349449
0.014214813709259033
0.03220352157950401
0.040165286511182785
0.1697046160697937
0.02671169862151146
0.022136984393000603
0.041430432349443436
0.049080055207014084
0.014320108108222485
0.019459685310721397
0.02331031858921051
0.025732943788170815
0.06372098624706268
0.032574594020843506
0.02423156052827835
0.31328776478767395
0.0206958819180727
0.01653876341879368
0.02610309235751629
0.03246922791004181
0.066409632563591
0.02011806145310402
0.020917613059282303
0.088489830493927
0.07040917128324509
0.018580250442028046
0.0221350509673357
0.09224868565797806
0.012404972687363625
0.18163232505321503
0.011985020712018013
0.04281691834330559
0.011243155226111412
0.015735626220703125
0.0077594369649887085
0.011030270718038082
0.02091503143310547
0.016835171729326248
0.018061988055706024
0.00851308275014162
0.19177617132663727
0.05864005535840988
0.07639819383621216
0.032624173909425735
0.013850579969584942
0.009870783425867558
0.09583482891321182
0.011607714928686619
0.13527293503284454
0.0821344405412674
0.021540986374020576
0.1636480838060379
0.13886982202529907
0.011264539323747158
0.02414722554385662
0.020933641120791435
0.13207823038101196
0.020667174831032753
0.015619257465004921
0.07422500848770142
0.016365785151720047
0.03411612659692764
0.0074179633520543575
0.018078001216053963
0.6492252945899963
0.47723448276519775
0.019120337441563606
0.13563001155853271
0.05457073077559471
0.07429274916648865
0.010533373802900314
0.03003588877618313
0.21006613969802856
0.07002940773963928
0.25964823365211487
0.04012901708483696
0.06741509586572647
0.03724173828959465
0.02017177641391754
0.017236460000276566
0.01885277032852173
0.04073649272322655
0.013509990647435188
0.018472250550985336
0.01105034165084362
0.014944666065275669
0.035287000238895416
0.09622842073440552
0.2731570601463318
0.03306765854358673
0.10881485044956207
0.02740606851875782
0.02886894717812538
0.02060728892683983
0.056419312953948975
0.014618651010096073
0.06760885566473007
0.10423372685909271
0.031167225912213326
0.02994292601943016
0.0422527976334095
0.09779300540685654
0.042303718626499176
0.3852234184741974
0.27642273902893066
0.0922708809375763
0.20682145655155182
0.040351882576942444
0.008477960713207722
0.014985728077590466
0.014852035790681839
0.19605261087417603
0.060483310371637344
0.08063538372516632
0.26175424456596375
0.18545569479465485
0.02844356745481491
0.016361065208911896
0.01053337287157774
0.018941670656204224
0.06999441236257553
0.056736815720796585
0.01140574086457491
0.021697044372558594
0.032598789781332016
0.023655708879232407
0.0298363845795393
0.06547005474567413
0.03052421472966671
0.4000014066696167
0.028162654489278793
0.023414071649312973
0.01892833225429058
0.02000352181494236
0.03518322482705116
0.029585175216197968
0.011332935653626919
0.027741439640522003
0.2380606085062027
0.02736305631697178
0.029339028522372246
0.021190082654356956
0.14343538880348206
0.022854240611195564
0.029145728796720505
0.05632741004228592
0.06687197089195251
0.24331074953079224
0.038579557090997696
0.21207839250564575
0.014933235943317413
0.20465022325515747
0.012273093685507774
0.01870911940932274
0.08406426012516022
0.03857078775763512
0.010783218778669834
0.06838691234588623
0.023810498416423798
0.015417154878377914
0.021727638319134712
0.006915318313986063
0.1199522390961647
0.04245768487453461
0.03392821177840233
0.0233894195407629
0.06995273381471634
0.07553093880414963
0.011341945268213749
0.01874893344938755
0.034485526382923126
0.011449016630649567
0.01909797638654709
0.028126832097768784
0.021650778129696846
0.06446419656276703
0.023131484165787697
0.09770123660564423
0.018769729882478714
0.041840407997369766
0.014431782998144627
0.04682854935526848
0.02383284643292427
0.06862176209688187
0.05306867137551308
0.14172179996967316
0.021444912999868393
0.024217627942562103
0.039766550064086914
0.07725168019533157
0.08015777915716171
0.2560795843601227
0.1327836960554123
0.03517550975084305
0.024456216022372246
0.024722440168261528
0.15495999157428741
0.018199125304818153
0.01623658649623394
0.02632819674909115
0.007935071364045143
0.07509573549032211
0.01033374946564436
0.006490670144557953
0.18185392022132874
0.03806529939174652
0.3051934242248535
0.05540701746940613
0.034094005823135376
0.025756197050213814
0.04160821810364723
0.03892892599105835
0.3250364661216736
0.02718227356672287
0.6830731630325317
0.05379972606897354
0.008668715134263039
0.01679340936243534
0.024550508707761765
0.05587681010365486
0.017681250348687172
0.03076748549938202
0.08301851898431778
0.04383479803800583
0.02951398864388466
0.03585658222436905
0.03409465774893761
0.017977366223931313
0.011435916647315025
0.07775574177503586
0.37624844908714294
0.059588488191366196
0.01628849096596241
0.03923225775361061
0.2888227105140686
0.028410332277417183
0.030692104250192642
0.022607650607824326
0.015317877754569054
0.019397975876927376
0.1039523184299469
0.03260447457432747
0.011942902579903603
0.24149514734745026
0.024606434628367424
0.13694041967391968
0.022303251549601555
0.01207137294113636
0.029823200777173042
0.013670692220330238
0.023806460201740265
0.08664532750844955
0.02598685212433338
0.011169795878231525
0.009198381565511227
0.1702665388584137
0.2465546727180481
0.03752607852220535
0.014025823213160038
0.024599328637123108
0.044754691421985626
0.03705967590212822
0.06289935111999512
0.1038518026471138
0.03604673966765404
0.013760020025074482
0.009481195360422134
0.0362003929913044
0.02091768942773342
0.04204268753528595
0.03557472676038742
0.027588145807385445
0.14800992608070374
0.06287424266338348
0.016449514776468277
0.027066219598054886
0.02278105728328228
0.015217714942991734
0.018988948315382004
0.054491493850946426
0.010304356925189495
0.027170997112989426
0.01673302799463272
0.040614500641822815
0.03924878314137459
0.014443946070969105
0.012681685388088226
0.03880991041660309
0.10916513949632645
0.032756444066762924
0.2178160846233368
0.01543573010712862
0.05531418323516846
0.01443413645029068
0.04725523293018341
0.24007701873779297
0.03535709157586098
0.07167577743530273
0.04632401838898659
0.028537854552268982
0.013333411887288094
0.02658052369952202
0.015528284013271332
0.024099132046103477
0.04499107971787453
0.11384917795658112
0.014349241741001606
0.018410462886095047
0.046595241874456406
0.018061256036162376
0.027371486648917198
0.010702390223741531
0.005878250580281019
0.21637795865535736
0.03213599696755409
0.055699024349451065
0.022128649055957794
0.08363016694784164
0.03391183912754059
0.07484038174152374
0.17305462062358856
0.019989559426903725
0.1767018437385559
0.02980768121778965
0.03959653526544571
0.29700684547424316
0.027721982449293137
0.07278202474117279
0.05245133489370346
0.07275290787220001
0.14000946283340454
0.43249624967575073
0.022504642605781555
0.026377342641353607
0.05313136428594589
0.012113703414797783
0.04525928944349289
0.01999467983841896
0.07330992817878723
0.026199284940958023
0.030763346701860428
0.03143802285194397
0.02720581740140915
0.027171896770596504
0.031954575330019
0.011954125948250294
0.02761232666671276
0.01665024273097515
0.08484197407960892
0.046325378119945526
0.016230257228016853
0.017458271235227585
0.02216084860265255
0.09514663368463516
0.03277908265590668
0.02028178796172142
0.014599244110286236
0.014070827513933182
0.02564801648259163
0.06829021871089935
0.07404303550720215
0.2970474660396576
0.055496055632829666
0.3183668851852417
0.0735589861869812
0.019712045788764954
0.013130365870893002
0.007520767394453287
0.16602374613285065
0.09498912841081619
0.013864131644368172
0.015494917519390583
0.015491724014282227
0.04373869672417641
0.0710829570889473
0.048791687935590744
0.03912689536809921
0.12623955309391022
0.14542776346206665
0.02249453403055668
0.016248732805252075
0.016611263155937195
0.10064571350812912
0.02461083047091961
0.05121169611811638
0.044681090861558914
0.023388046771287918
0.04862905293703079
0.017331257462501526
0.012653963640332222
0.1200861856341362
0.11994782090187073
0.013362130150198936
0.07416175305843353
0.017216505482792854
0.019173862412571907
0.0231518242508173
0.012247205711901188
0.08227832615375519
0.07521791756153107
0.24733461439609528
0.01660207100212574
0.011110898107290268
0.02725580520927906
0.02682957984507084
0.022094326093792915
0.01871183142066002
0.018167153000831604
0.0059613375924527645
0.02229582890868187
0.0384044423699379
0.061158884316682816
0.02183498442173004
0.025252025574445724
0.10122080892324448
0.010369843803346157
0.012666366063058376
0.35250452160835266
0.050942178815603256
0.020037777721881866
0.008544621989130974
0.15839962661266327
0.050011105835437775
0.011222140863537788
0.05839032307267189
0.04839351400732994
0.0578114353120327
0.18364140391349792
0.022047633305191994
0.0681326687335968
0.01983451470732689
0.03705114871263504
0.024530235677957535
0.015520726330578327
0.01881766878068447
0.025950826704502106
0.2062828540802002
0.04056171327829361
0.04302843287587166
0.021002687513828278
0.10757569223642349
0.017506251111626625
0.0748111829161644
0.017037032172083855
0.06216220185160637
0.05048614367842674
0.012814014218747616
0.01992754079401493
0.021736549213528633
0.012804984115064144
0.02831079065799713
0.09565954655408859
0.04374174028635025
0.007568789646029472
0.012254495173692703
0.02303193509578705
0.03573131188750267
0.7095597982406616
0.017276432365179062
0.01444997452199459
0.039558183401823044
0.07930316776037216
0.025124788284301758
0.03265850991010666
0.01763206161558628
0.009863863699138165
0.036960419267416
0.04237423092126846
0.06564413011074066
0.014363019727170467
0.04343963414430618
0.03598478436470032
0.013712912797927856
0.0179008599370718
0.0287200678139925
0.022452261298894882
0.023027025163173676
0.004252939485013485
0.05585343763232231
0.2578200399875641
0.01986655406653881
0.03247972950339317
0.014958605170249939
0.017603572458028793
0.017507404088974
0.00947368424385786
0.06825625896453857
0.019883738830685616
0.011932573281228542
0.04945152997970581
0.022107671946287155
0.010139542631804943
0.014968747273087502
0.026511598378419876
0.05116725340485573
0.020687708631157875
0.0303023811429739
0.017197582870721817
0.2199774831533432
0.027206744998693466
0.036275994032621384
0.022831983864307404
0.025018658488988876
0.03622937574982643
0.027243822813034058
0.06206768378615379
0.018436849117279053
0.07194134593009949
0.009240714833140373
0.0068117654882371426
0.07118570059537888
0.030823878943920135
0.20984871685504913
0.015389944426715374
0.008810021914541721
0.014508984982967377
0.04634726047515869
0.024305427446961403
0.006786591373383999
0.022028617560863495
0.07565364241600037
0.026118723675608635
0.03330831974744797
0.07908428460359573
0.022883743047714233
0.08007965236902237
0.1295308917760849
0.03182552382349968
0.04330048710107803
0.023867646232247353
0.014278572052717209
0.13665269315242767
0.04477466270327568
0.024457557126879692
0.024236779659986496
0.3834564983844757
0.0271451435983181
0.11208003014326096
0.011730390600860119
0.029661430045962334
0.012361939065158367
0.049254730343818665
0.03341318666934967
0.05260973051190376
0.04195000231266022
0.02331744134426117
0.019137173891067505
0.05233923718333244
0.029337557032704353
0.016743581742048264
0.04193136841058731
0.12388263642787933
0.013661371544003487
0.02335338294506073
0.011761588975787163
0.01009820681065321
0.031998395919799805
0.08180037140846252
0.03619353100657463
0.10258497297763824
0.03381357342004776
0.20074580609798431
0.11193330585956573
0.08850935846567154
0.04828425124287605
0.2744917571544647
0.11520220339298248
0.01000048778951168
0.021221617236733437
0.08119744807481766
0.07032909244298935
0.008366432040929794
0.011654689908027649
0.021323926746845245
0.019853459671139717
0.03831208497285843
0.0256255641579628
0.015912221744656563
0.029376566410064697
0.04253721982240677
0.04777814820408821
0.13570009171962738
0.06328961253166199
0.0545724481344223
0.03333927318453789
0.035316891968250275
0.038935333490371704
0.01384632010012865
0.018867453560233116
0.008957937359809875
0.00772836385294795
0.1765379160642624
0.01913384348154068
0.03200406953692436
0.015768742188811302
0.03054387867450714
0.03991914540529251
0.057886965572834015
0.13362155854701996
0.055362798273563385
0.41409042477607727
0.20509742200374603
0.017124898731708527
0.029596878215670586
0.573566198348999
0.011137664318084717
0.1358891874551773
0.0981140211224556
0.09202616661787033
0.06969945877790451
0.05209784209728241
0.013088270090520382
0.0349251963198185
0.011959534138441086
0.0910411924123764
0.17647571861743927
0.17165601253509521
0.011516648344695568
0.03140714019536972
0.014721761457622051
0.14210467040538788
0.19874870777130127
0.017894456163048744
0.2159154862165451
0.05028529465198517
0.008444375358521938
0.01184523943811655
0.016104351729154587
0.0071021998301148415
0.034027304500341415
0.06502901017665863
0.07777852565050125
0.22050480544567108
0.014095050282776356
0.10712867230176926
0.11690612882375717
0.014262275770306587
0.015578139573335648
0.16884064674377441
0.008263414725661278
0.027694500982761383
0.02172156609594822
0.03410569578409195
0.05547824501991272
0.032268356531858444
0.13455750048160553
0.028133340179920197
0.024957066401839256
0.03676385432481766
0.024963445961475372
0.09686969965696335
0.028965801000595093
0.03143851086497307
0.014368446543812752
0.04321031644940376
0.006231076084077358
0.1142047792673111
0.027942240238189697
0.027248751372098923
0.02016168273985386
0.14658235013484955
0.012360982596874237
0.009908349253237247
0.04429445415735245
0.026708638295531273
0.1381314992904663
0.027741465717554092
0.03592647612094879
0.01162879727780819
0.014565345831215382
0.07987461984157562
0.057032715529203415
0.0833321139216423
0.026999909430742264
0.08422232419252396
0.022559070959687233
0.02734442986547947
0.0545688159763813
0.04537360742688179
0.014909427613019943
0.04016895592212677
0.029260406270623207
0.03733855113387108
0.04755229502916336
0.015149586834013462
0.20574817061424255
0.09216615557670593
0.44449082016944885
0.038551848381757736
0.07238872349262238
0.022560616955161095
0.0128861665725708
0.01796705648303032
0.15973930060863495
0.6416878700256348
0.024768946692347527
0.17639313638210297
0.01451277919113636
0.09453107416629791
0.03359195590019226
0.33743569254875183
0.0064511350356042385
0.1571587175130844
0.03505547717213631
0.024217478930950165
0.08148236572742462
0.049998749047517776
0.13210265338420868
0.025050440803170204
0.02911224775016308
0.011215477250516415
0.14074882864952087
0.019895410165190697
0.0652298629283905
0.013307842426002026
0.00944459903985262
0.01356133446097374
0.020200304687023163
0.02884211577475071
0.022079814225435257
0.17650249600410461
0.04675501585006714
0.02329855225980282
0.136112779378891
0.023542406037449837
0.03807847201824188
0.018623335286974907
0.0147581547498703
0.08644363284111023
0.010850103572010994
0.01512362714856863
0.0181408803910017
0.07355217635631561
0.2404915988445282
0.00718612689524889
0.05515315383672714
0.05775086581707001
0.013743467628955841
0.0596674419939518
0.09716357290744781
1.2291632890701294
0.051273707300424576
0.018563013523817062
0.006860374007374048
0.04618092626333237
0.3482856750488281
0.04177011922001839
0.012998776510357857
0.03014111891388893
0.0157388374209404
0.10118013620376587
0.024074610322713852
0.030948489904403687
0.013787927106022835
0.015443655662238598
0.017796998843550682
0.019604450091719627
0.04030097648501396
0.01766044832766056
0.30630797147750854
0.031021498143672943
0.023732755333185196
0.010792527347803116
0.04018912464380264
0.047913748770952225
0.020250845700502396
0.2406170815229416
0.0094525758177042
0.017670610919594765
0.016828326508402824
0.008724614046514034
0.022017864510416985
0.01502646692097187
0.013939609751105309
0.024746395647525787
0.04483099281787872
0.021127358078956604
0.011116123758256435
0.023287368938326836
0.422730952501297
0.22676187753677368
0.01692868024110794
0.016695214435458183
0.1526973843574524
0.03749573230743408
0.012608996592462063
0.007716928143054247
0.02531289868056774
0.05286356806755066
0.01820382848381996
0.012971049174666405
0.02205626852810383
0.008655941113829613
0.10073345899581909
0.013086088933050632
0.04752782732248306
0.04489748179912567
0.11591871082782745
0.031761374324560165
0.05495166778564453
0.01952655427157879
0.026608241721987724
0.02210935391485691
0.0132277961820364
0.11691438406705856
0.028386076912283897
0.08653609454631805
0.029337724670767784
0.18107254803180695
0.028433844447135925
0.04582737386226654
0.01410454511642456
0.02062782272696495
0.1112232655286789
0.048251427710056305
0.06146664917469025
0.17204903066158295
0.01199816633015871
0.1084396168589592
0.060811597853899
0.007546240463852882
0.010424293577671051
0.15479502081871033
0.04724197834730148
0.2623673677444458
0.006245977710932493
0.08688875287771225
0.11282117664813995
0.012983142398297787
0.012558558955788612
0.04057667404413223
0.0488542877137661
0.020870527252554893
0.2851420044898987
0.29789403080940247
0.10944034904241562
0.18321628868579865
0.013545863330364227
0.016414690762758255
0.016484001651406288
0.06892839074134827
0.008274968713521957
0.021644508466124535
0.010097243823111057
0.010609257034957409
0.016804873943328857
0.024056995287537575
0.011138377711176872
0.03128616139292717
0.010283766314387321
0.05818166211247444
0.06195022538304329
0.017010478302836418
0.011340612545609474
0.15261153876781464
0.05769353359937668
0.0673532485961914
0.044243425130844116
0.025079842656850815
0.062447525560855865
0.15979532897472382
0.009881987236440182
0.03446241468191147
0.020600054413080215
0.03875875473022461
0.0790565237402916
0.06742926687002182
0.010506072081625462
0.012218478135764599
0.03810245171189308
0.014905608259141445
0.041058022528886795
0.018876004964113235
0.011701662093400955
0.014748952351510525
0.12082763761281967
0.01095074974000454
0.040287893265485764
0.2098507583141327
0.056280720978975296
0.11235202848911285
0.08553887158632278
0.0107118533924222
0.05369078740477562
0.0162693802267313
0.013300892896950245
0.08323454111814499
0.009254197590053082
0.017507780343294144
0.07423850148916245
0.025878680869936943
0.29127752780914307
0.03603389486670494
0.023117367178201675
0.09573227167129517
0.05877786874771118
0.03342104330658913
0.039889831095933914
0.0230613611638546
0.019892551004886627
0.05251620337367058
0.07921494543552399
0.022937852889299393
0.04513586312532425
0.04091229662299156
0.03894663602113724
0.2953561842441559
0.0349234938621521
0.040226805955171585
0.41346678137779236
0.01743829995393753
0.00891929678618908
0.04376385733485222
0.051173146814107895
0.024776600301265717
0.08050616830587387
0.021554499864578247
0.10893244296312332
0.010141285136342049
0.0662609338760376
0.011671514250338078
0.03383449465036392
0.02099907398223877
0.1670926958322525
0.033587388694286346
0.03066820651292801
0.030894316732883453
0.07219021022319794
0.01822497509419918
0.06879235059022903
0.021109476685523987
0.010010491125285625
0.029747262597084045
0.013654237613081932
0.23066560924053192
0.023868612945079803
0.008716371841728687
0.017400354146957397
0.019524306058883667
0.33091670274734497
0.041303712874650955
0.02691706456243992
0.19311568140983582
0.034531984478235245
0.0317261703312397
0.03954864665865898
0.019106758758425713
0.02480696141719818
0.04904095456004143
0.018566662445664406
0.023628413677215576
0.1312096118927002
0.01598295010626316
0.013148084282875061
0.028633788228034973
0.04094526171684265
0.027753381058573723
0.05555443465709686
0.032070569694042206
0.012067883275449276
0.013533084653317928
0.015418676659464836
0.07823069393634796
0.015847405418753624
0.35679033398628235
0.011058819480240345
0.0063349539414048195
0.034724920988082886
0.09526868164539337
0.02454044111073017
0.06901323795318604
0.008635159581899643
0.020999807864427567
0.029978344216942787
0.03711562976241112
0.12368888407945633
0.010367320850491524
0.011970257386565208
0.014851338230073452
0.047923121601343155
0.02962549403309822
0.014624068513512611
0.21289917826652527
0.18084630370140076
0.03831002116203308
0.2978696823120117
0.006980290170758963
0.1487836241722107
0.18284399807453156
0.27745217084884644
0.011027012020349503
0.1499139666557312
0.025075692683458328
0.0724274143576622
0.03155410662293434
0.017816945910453796
0.012775251641869545
0.02811971679329872
0.10029172897338867
0.014735560864210129
0.09876374900341034
0.018782643601298332
0.010690884664654732
0.01750338263809681
1.0008065700531006
0.02654382213950157
0.01735755242407322
0.1331506222486496
0.13802044093608856
0.008696135133504868
0.020908478647470474
0.1486303210258484
0.037861064076423645
0.017019400373101234
0.036695342510938644
0.04536783695220947
0.08714010566473007
0.03081348165869713
0.028550727292895317
0.025469813495874405
0.034105733036994934
0.011095893569290638
0.027214372530579567
0.027759283781051636
0.05365908145904541
0.03851241618394852
0.021431203931570053
0.3466750383377075
0.029863480478525162
0.014812610112130642
0.10137403011322021
0.02214839868247509
0.031473830342292786
0.03138117864727974
0.05318674445152283
0.10198617726564407
0.045513786375522614
0.01287087332457304
0.035269126296043396
0.1400633156299591
0.017224039882421494
0.0508037768304348
0.04432234913110733
0.03905796632170677
0.023633066564798355
0.01570417918264866
0.04702156037092209
0.011475689709186554
0.03862644359469414
0.029813168570399284
0.031150082126259804
0.01662919856607914
0.039867546409368515
0.055327460169792175
0.013416566886007786
0.02575758285820484
0.011396486312150955
0.020266568288207054
0.08350525051355362
0.055692944675683975
0.021387433633208275
0.022260751575231552
0.025896664708852768
0.010809111408889294
0.049833495169878006
0.02873672917485237
0.11114837229251862
0.13473378121852875
0.29201897978782654
0.010438306257128716
0.016887648031115532
0.049207448959350586
0.02439831756055355
0.14008529484272003
0.03844306617975235
0.012251762673258781
0.07156989723443985
0.013025169260799885
0.027925297617912292
0.022622976452112198
0.01993819698691368
0.05326457321643829
0.04893326014280319
0.0542115643620491
0.0334145650267601
0.27461737394332886
0.28714433312416077
0.036426570266485214
0.02046460099518299
0.13967594504356384
0.01827516034245491
0.040161311626434326
0.036808889359235764
0.012074516154825687
0.006455081049352884
0.0568046011030674
0.012281090021133423
0.041856229305267334
0.015646349638700485
0.10629114508628845
0.025520671159029007
0.1980486810207367
0.21753700077533722
0.053845323622226715
0.027277423068881035
0.019159581512212753
0.020591290667653084
0.032316334545612335
0.011439703404903412
0.09691839665174484
0.025901829823851585
0.009842104278504848
0.01727529801428318
0.42204681038856506
0.018120015040040016
0.058894768357276917
0.026997588574886322
0.007223290391266346
0.0657738447189331
0.010942675173282623
0.10655388236045837
0.19729267060756683
0.22534869611263275
0.17048752307891846
0.02300904504954815
0.12544168531894684
0.014227454550564289
0.03062227927148342
0.25751543045043945
0.13799408078193665
0.055089522153139114
0.021394094452261925
0.03686016425490379
0.02850085310637951
0.008897599764168262
0.07548011839389801
0.015624551102519035
0.018899772316217422
0.014560118317604065
0.11366429179906845
0.10691678524017334
0.009477570652961731
0.018024029210209846
0.02419026754796505
0.014982924796640873
0.028682228177785873
0.011488481424748898
0.027790967375040054
0.022689517587423325
0.05218300223350525
0.0205904021859169
0.013862323947250843
0.03015148639678955
0.036607541143894196
0.14481648802757263
0.009996023960411549
0.06032184511423111
0.08893688023090363
0.1340562105178833
0.11297740042209625
0.04272310063242912
0.28183287382125854
0.011074467562139034
0.4373489022254944
0.030349494889378548
0.01569647714495659
0.06905029714107513
0.011410648003220558
0.04589666798710823
0.027884136885404587
0.012237204238772392
0.028203604742884636
0.026731004938483238
0.5235746502876282
0.049654778093099594
0.21290861070156097
0.01397022232413292
0.01738719455897808
0.2914852499961853
0.026108592748641968
0.05601215735077858
0.014298750087618828
0.025099579244852066
0.015527908690273762
0.1457650363445282
0.01937379129230976
0.01707012765109539
0.10284946113824844
0.03804668039083481
0.05127083137631416
0.0168063435703516
0.07989758998155594
0.06831958889961243
0.0308754350990057
0.06278611719608307
0.05190001055598259
0.019699785858392715
0.022644704207777977
0.011657742783427238
0.14452674984931946
0.055837854743003845
0.09374982118606567
0.05551329627633095
0.02163909561932087
0.08506700396537781
0.1054728627204895
0.033541273325681686
0.02401292882859707
0.028938638046383858
0.02987130731344223
0.017329474911093712
0.04335425794124603
0.022042546421289444
0.2075527310371399
0.14514417946338654
0.06307385861873627
0.04032602906227112
0.0922236368060112
0.04106724262237549
0.018934566527605057
0.15437273681163788
0.02184351533651352
0.01081259734928608
0.10098017007112503
0.04057386890053749
0.21861888468265533
0.07639685273170471
0.012931148521602154
0.00946096982806921
0.013843736611306667
0.04347747564315796
0.0507952943444252
0.03685058280825615
0.036545004695653915
0.010646573267877102
0.02681034430861473
0.13555808365345
0.01283738762140274
0.028787674382328987
0.018363406881690025
0.009340282529592514
0.02113242633640766
0.019075872376561165
0.021618446335196495
0.045158013701438904
0.12397193908691406
0.01554068922996521
0.038079243153333664
0.0335230715572834
0.03956788778305054
0.07458063960075378
0.04367634654045105
0.01228363998234272
0.00936279259622097
0.034520406275987625
0.010703201405704021
0.03861858323216438
0.03587867692112923
0.029526730999350548
0.047334711998701096
0.1452188938856125
0.040883854031562805
0.011340659111738205
0.051386527717113495
0.04120602831244469
0.010236219502985477
0.04641452059149742
0.023485109210014343
0.028103552758693695
0.07021326571702957
0.02440539002418518
0.40029463171958923
0.057148367166519165
0.043113622814416885
0.040321800857782364
0.09437384456396103
0.030775349587202072
0.017491232603788376
0.15955501794815063
0.02243168279528618
0.47773614525794983
0.05046401917934418
0.042999282479286194
0.01933373510837555
0.02487970143556595
0.013966027647256851
0.06327397376298904
0.06462602317333221
0.02007264643907547
0.07361826300621033
0.014766442589461803
0.03496217727661133
0.016709119081497192
0.11825834214687347
0.01093771681189537
0.014360148459672928
0.04955345019698143
0.02051209658384323
0.007428470067679882
0.01978868432343006
0.03794209286570549
0.02361973561346531
0.023479683324694633
0.03167169541120529
0.024730367586016655
0.06731407344341278
0.07209937274456024
0.3879406154155731
0.013675352558493614
0.024059806019067764
0.05980026721954346
0.6377745270729065
0.01689680479466915
0.016887087374925613
0.011035448871552944
0.15849483013153076
0.043904393911361694
0.012507445178925991
0.03178093954920769
0.051884979009628296
0.016862858086824417
0.07256650179624557
0.03166390210390091
0.16328446567058563
0.016305245459079742
0.035020217299461365
0.0781189501285553
0.03986451402306557
0.035408105701208115
0.09615225344896317
0.044799838215112686
0.021221710368990898
0.012918926775455475
0.02164977230131626
0.017507214099168777
0.04834522679448128
0.12221939116716385
0.04742031544446945
0.03219478949904442
0.03115362487733364
0.009014383889734745
0.024400340393185616
0.05583192780613899
0.019615162163972855
0.09680488705635071
0.024088410660624504
0.00535574508830905
0.22198158502578735
0.011940536089241505
0.10748853534460068
0.015015702694654465
0.017894310876727104
0.04455936700105667
0.009234577417373657
0.14745855331420898
0.09756288677453995
0.015244056470692158
0.14033405482769012
0.017319941893219948
0.4777042865753174
0.02283620461821556
0.07926300913095474
0.01867286115884781
0.013162755407392979
0.08204133808612823
0.04872811585664749
0.052197739481925964
0.11371749639511108
0.0237367395311594
0.011868514120578766
0.14590001106262207
0.02046842686831951
0.05504394695162773
0.016950590535998344
0.09883856028318405
0.02018406055867672
0.02547551319003105
0.023542730137705803
0.022866295650601387
0.014995613135397434
0.026917321607470512
0.08621390908956528
0.018312202766537666
0.04492569342255592
0.018409034237265587
0.03303976729512215
0.06301742047071457
0.04661555588245392
0.03350745514035225
0.136330246925354
0.01756880059838295
0.033309273421764374
0.020708519965410233
0.03978971391916275
0.39898681640625
0.02042657509446144
0.03958355635404587
0.05022327974438667
0.021208858117461205
0.023246554657816887
0.028248583897948265
0.04366033896803856
0.04138726368546486
0.018532250076532364
0.07417306303977966
0.011072920635342598
0.02481190115213394
0.011242279782891273
0.028196334838867188
0.2445928156375885
0.02865184284746647
0.027215126901865005
0.44008398056030273
0.03884296864271164
0.04462363198399544
0.02758307382464409
0.03538360819220543
0.01261206530034542
0.021176638081669807
0.13827629387378693
0.011972426436841488
0.0325908400118351
0.0844435915350914
0.008447686210274696
0.055471766740083694
0.11611238867044449
0.026461588218808174
0.12782269716262817
0.023825887590646744
0.03347688540816307
0.05225105583667755
0.06042584031820297
0.028170747682452202
0.15168507397174835
0.02253126911818981
0.03524813801050186
0.13880489766597748
0.014222181402146816
0.03613825887441635
0.027736516669392586
0.0901854932308197
0.12789806723594666
0.031069761142134666
0.003908025566488504
0.023920321837067604
0.036308541893959045
0.027712944895029068
0.09468928724527359
0.009521734900772572
0.1848994791507721
0.06266874074935913
0.08319303393363953
0.04516099393367767
0.010205181315541267
0.02722289226949215
0.011652468703687191
0.07206995785236359
0.03657044842839241
0.02494432032108307
0.050557129085063934
0.030465148389339447
0.06928098946809769
0.02315097115933895
0.2781468629837036
0.10086346417665482
0.01578548736870289
0.03551092371344566
0.0317598357796669
0.1236569955945015
0.03134423866868019
0.02232215739786625
0.01482299156486988
0.008641852997243404
0.00925893522799015
0.03525644168257713
0.032888807356357574
0.057924456894397736
0.01289139874279499
0.013792670331895351
0.017402656376361847
0.016799837350845337
0.026804586872458458
0.019910180941224098
0.05984414368867874
0.15454278886318207
0.06474179774522781
0.07446058094501495
0.16113965213298798
0.03286527842283249
0.041657689958810806
0.018403999507427216
0.0895882174372673
0.012464115396142006
0.10996545851230621
0.013036561198532581
0.2260897308588028
0.13126389682292938
0.21273894608020782
0.5489403605461121
0.0218165572732687
0.03674248233437538
0.031772367656230927
0.024657025933265686
0.049819257110357285
0.017512310296297073
0.02247261442244053
0.05500020086765289
0.019426412880420685
0.039513684809207916
0.021264538168907166
0.022436905652284622
0.021839234977960587
0.0335431769490242
0.031541287899017334
0.06588364392518997
0.10115309059619904
0.01902167685329914
0.06266195327043533
0.04701684042811394
0.09590775519609451
0.09504763036966324
0.013029788620769978
0.03948698192834854
0.01728195510804653
0.044287487864494324
0.029735444113612175
0.022319229319691658
0.043359436094760895
0.030138319358229637
0.018620381131768227
0.01979932375252247
0.018636804074048996
0.07564166188240051
0.07333701848983765
0.013455391861498356
0.0398685559630394
0.007072308100759983
0.020254772156476974
0.03299636393785477
0.17045776546001434
0.028544846922159195
0.030943969264626503
0.04632179066538811
0.019211117178201675
0.04500000551342964
0.025944974273443222
0.00872920360416174
0.013626547530293465
0.0973324328660965
0.01006242074072361
0.19222848117351532
0.015995513647794724
0.08943681418895721
0.05312470719218254
0.06293974816799164
0.06389933079481125
0.0815218985080719
0.019581951200962067
0.11015290021896362
0.024777716025710106
0.02575763314962387
0.06930069625377655
0.04433681443333626
0.03233950585126877
0.032074473798274994
0.06227230653166771
0.014529410749673843
0.02017574943602085
0.20676171779632568
0.03591654449701309
0.08968252688646317
0.01596006192266941
0.014175291173160076
0.011821892112493515
0.03332923352718353
0.040369994938373566
0.206092968583107
0.294633150100708
0.07118131965398788
0.02305469661951065
0.029216540977358818
0.016470344737172127
0.01847638376057148
0.025302166119217873
0.019361840561032295
0.03967637941241264
0.2514602541923523
0.028249578550457954
0.036817219108343124
0.026025548577308655
0.06885124742984772
0.011169313453137875
0.06315681338310242
0.02308390475809574
0.048395223915576935
0.013828868046402931
0.011868271045386791
0.010193856433033943
0.057871051132678986
0.006361392792314291
0.05569293349981308
0.07712018489837646
0.7929630279541016
0.10658076405525208
0.03344948589801788
0.013417757116258144
0.025365544483065605
0.018975116312503815
0.008382967673242092
0.058259233832359314
0.054986678063869476
0.013383611105382442
0.06683654338121414
0.027371397241950035
0.10394423454999924
0.15622378885746002
0.2165878415107727
0.026507828384637833
0.01364764105528593
0.0420457199215889
0.024168450385332108
0.048692625015974045
0.018740670755505562
0.016403477638959885
0.03857818618416786
0.036771856248378754
0.025442305952310562
0.020917076617479324
0.04219488799571991
0.020207105204463005
0.1698599010705948
0.024652300402522087
0.009413470514118671
0.027724063023924828
0.06038876995444298
0.010350648313760757
0.021784856915473938
0.05226850137114525
0.05642781779170036
0.039708688855171204
0.009421867318451405
0.015129185281693935
0.03090468794107437
0.12742803990840912
0.059889234602451324
0.005826955195516348
0.1387147307395935
0.3558104336261749
0.04235859960317612
0.018347863107919693
0.04307330399751663
0.03359876573085785
0.22464430332183838
0.13272474706172943
0.09252594411373138
0.06663806736469269
0.141029953956604
0.04205077141523361
0.017519362270832062
0.02996595948934555
0.022530201822519302
0.0151372030377388
0.16109485924243927
0.020471036434173584
0.05054632946848869
0.06330711394548416
0.05950808897614479
0.03354905545711517
0.02958746999502182
0.011185094714164734
0.008253705687820911
0.09834317117929459
0.015948377549648285
0.03153040260076523
0.014124803245067596
0.019796961918473244
0.03512231633067131
0.02926548197865486
0.03376166149973869
0.05074934661388397
0.013652925379574299
0.05498084798455238
0.010479941964149475
0.02370450459420681
0.09206932783126831
0.017152048647403717
0.10914591699838638
0.18186554312705994
0.41173234581947327
0.033607009798288345
0.01641179621219635
0.029007388278841972
0.006617309525609016
0.031003497540950775
0.01963251829147339
0.04713079333305359
0.024467652663588524
0.0244982298463583
0.014169028028845787
0.02221200242638588
0.05078766122460365
0.015341848134994507
0.019644543528556824
0.052595354616642
0.03905702009797096
0.017309805378317833
0.09729483723640442
0.007746270392090082
0.060678839683532715
0.04267778620123863
0.027351826429367065
0.06041343882679939
0.04432656615972519
0.011891024187207222
0.10094445943832397
0.06686748564243317
0.14628984034061432
0.03706645593047142
0.007757453713566065
0.16503097116947174
0.03188961371779442
0.039091531187295914
0.04581284895539284
0.01791948825120926
0.12065833806991577
0.029122699052095413
0.06520272046327591
0.025314193218946457
0.03355902060866356
0.03837214782834053
0.08434296399354935
0.032817739993333817
0.00956476479768753
0.027676068246364594
0.047150176018476486
0.00912464503198862
0.12267307192087173
0.3119652271270752
0.024852922186255455
0.02189546637237072
0.01955943927168846
0.035401809960603714
0.16307181119918823
0.038070064038038254
0.013865700922906399
0.022916004061698914
0.014980945736169815
0.06480885297060013
0.08338889479637146
0.07575774192810059
0.03842185065150261
0.043950650840997696
0.04995713755488396
0.015241880901157856
0.02832733653485775
0.013041640631854534
0.03826996311545372
0.1945449709892273
0.022124387323856354
0.03338366374373436
0.01377559918910265
0.022858312353491783
0.028179805725812912
0.02401548996567726
0.257186621427536
0.02130298502743244
0.031417764723300934
0.012269455008208752
0.042318351566791534
0.014881378971040249
0.007969805039465427
0.04409724846482277
0.0364789180457592
0.25728464126586914
0.09493481367826462
0.011905941180884838
0.009759667329490185
0.03576743230223656
0.012606746517121792
0.029999449849128723
0.03681819513440132
0.024423936381936073
0.010996880941092968
0.01746056228876114
0.017376402392983437
0.2706286609172821
0.03627888113260269
0.036931030452251434
0.042159322649240494
0.013310511596500874
0.01869138889014721
0.01620311290025711
0.007655667141079903
0.08568762987852097
0.026880936697125435
0.026034748181700706
0.1600620001554489
0.04339500516653061
0.08490569144487381
0.00782843679189682
0.022226477041840553
0.07948052883148193
0.00569170992821455
0.011653441935777664
0.048380378633737564
0.06158791482448578
0.013660772703588009
0.017472032457590103
0.01978667452931404
0.019907593727111816
0.045335911214351654
0.018531344830989838
0.08185061067342758
0.010027590207755566
0.012200345285236835
0.0075947255827486515
0.011660084128379822
0.012178950011730194
0.15054094791412354
0.05259353294968605
0.2511410415172577
0.011649667285382748
0.017768122255802155
0.042105793952941895
0.07918678224086761
0.10055690258741379
0.04472080618143082
0.03233567625284195
0.01262272521853447
0.37771034240722656
0.037069518119096756
0.12453822791576385
0.016079874709248543
0.018602602183818817
0.03989025577902794
0.015564394183456898
0.03659913316369057
0.016599474474787712
0.048342399299144745
0.05339222028851509
0.014963919296860695
0.039275769144296646
0.009470602497458458
0.005055449903011322
0.004442813340574503
0.021436119452118874
0.011741027235984802
0.04858746379613876
0.03823598846793175
0.021125510334968567
0.008711556904017925
0.01170380413532257
0.019272124394774437
0.2386683076620102
0.05645134299993515
0.025030899792909622
0.15000014007091522
0.00852586142718792
0.023274831473827362
0.02435578592121601
0.02383812703192234
0.08900732547044754
0.07353999465703964
0.15631212294101715
0.11729811877012253
0.020133381709456444
0.05570201203227043
0.012485011480748653
0.022307422012090683
0.02517959102988243
0.009990300051867962
0.027009082958102226
0.09152832627296448
0.027311226353049278
0.01864396221935749
0.10771314799785614
0.020319730043411255
0.33316850662231445
0.017755471169948578
0.02554645575582981
0.035187359899282455
0.036311592906713486
0.07798056304454803
0.02020098641514778
0.016545914113521576
0.09606612473726273
0.17892660200595856
0.0444231741130352
0.02113661915063858
0.16105087101459503
0.08951225876808167
0.01691395975649357
0.10076138377189636
0.032556984573602676
0.028865912929177284
0.03027457930147648
0.03193413466215134
0.0459853932261467
0.08018206059932709
0.06025267019867897
0.017923904582858086
0.01926049403846264
0.021744638681411743
0.01954290084540844
0.013246087357401848
0.007425444666296244
0.0914599597454071
0.034522730857133865
0.0964246541261673
0.02022433467209339
0.019420290365815163
0.008528024889528751
0.03953389823436737
0.22023388743400574
0.01611584797501564
0.026438545435667038
0.1754126101732254
0.07104362547397614
0.03436800464987755
0.014219595119357109
0.019994273781776428
0.015549078583717346
0.03038429096341133
0.20538416504859924
0.016582798212766647
0.016958238556981087
0.00767098180949688
0.028099466115236282
0.07320018112659454
0.035902515053749084
0.04635334387421608
0.020420653745532036
0.06130931153893471
0.06824542582035065
0.030009180307388306
0.05780453234910965
0.014566007070243359
0.0705094039440155
0.01623515971004963
0.23648500442504883
0.037477217614650726
0.022368405014276505
0.1907254010438919
0.014940435066819191
0.14477388560771942
0.008007283322513103
0.01699995808303356
0.025111854076385498
0.33233553171157837
0.049358997493982315
0.015251495875418186
0.006639318540692329
0.03474075719714165
0.044778428971767426
0.040437962859869
0.015794292092323303
0.021542184054851532
0.020288078114390373
0.08270661532878876
0.0952548161149025
0.06855153292417526
0.01575554721057415
0.01774553954601288
0.008199243806302547
0.08040110766887665
0.031695809215307236
0.01846250332891941
0.024145158007740974
0.20072577893733978
0.09507665783166885
0.01997828669846058
0.08097457885742188
0.15761904418468475
0.08486419916152954
0.057534102350473404
0.010368836112320423
0.1578269749879837
0.01661505363881588
0.05307311192154884
0.02107662707567215
0.030563082545995712
0.014304175972938538
0.08339472860097885
0.12058430910110474
0.008488260209560394
0.015416058711707592
0.024612775072455406
0.015924183651804924
0.02191520296037197
0.013280292972922325
0.012824894860386848
0.014733186922967434
0.04588237777352333
0.011272210627794266
0.0346260666847229
0.018578067421913147
0.01683015190064907
0.10732828825712204
0.019925661385059357
0.011941911652684212
0.03123285248875618
0.020438019186258316
0.07735659182071686
0.03335360437631607
0.02746492065489292
0.04136412963271141
0.06812051683664322
0.07029829174280167
0.05320976674556732
0.01861451007425785
0.03927735239267349
0.01169441919773817
0.03091137483716011
0.03154413029551506
0.016996800899505615
0.0373569093644619
0.024736301973462105
0.08192983269691467
0.014872816391289234
0.009191451594233513
0.15630567073822021
0.04159514233469963
0.00968644767999649
0.11836958676576614
0.2744176685810089
0.16939343512058258
0.013423873111605644
0.15398968756198883
0.043108802288770676
0.021834058687090874
0.038109101355075836
0.06004597246646881
0.026255065575242043
0.01166045106947422
0.01308493036776781
0.034818828105926514
0.07647556811571121
0.017942076548933983
0.09926330298185349
0.24863654375076294
0.15717840194702148
0.016547296196222305
0.014484969899058342
0.017521146684885025
0.08574315160512924
0.051678366959095
0.019945746287703514
0.008646026253700256
0.05882830172777176
0.04492104798555374
0.12059780955314636
0.007781567983329296
0.009524372406303883
0.006853754166513681
0.047703493386507034
0.01204427145421505
0.06732330471277237
0.05939759314060211
0.068873830139637
0.16088604927062988
0.06963524222373962
0.012326962314546108
0.03791568800806999
0.12617838382720947
0.025293417274951935
0.013893311843276024
0.023543061688542366
0.014983504079282284
0.016679672524333
0.012232356704771519
0.010485517792403698
0.012266721576452255
0.12981894612312317
0.043874774128198624
0.08161056786775589
0.15197281539440155
0.07530069351196289
0.051626816391944885
0.2131027728319168
0.022840900346636772
0.0069988504983484745
0.07743214070796967
0.10423509031534195
0.11448385566473007
0.012792784720659256
0.04474125802516937
0.034637466073036194
0.04135170206427574
0.012217510491609573
0.06003562733530998
0.029570480808615685
0.010975665412843227
0.01632358320057392
0.012534578330814838
0.07130254060029984
0.012860839255154133
0.009503631852567196
0.045906420797109604
0.1038379892706871
0.028270157054066658
0.08189310878515244
0.09575790911912918
0.020121730864048004
0.026124274358153343
0.08731492608785629
0.04429959878325462
0.3548857867717743
0.00988019909709692
0.10174056142568588
0.05407201126217842
0.013802701607346535
0.01190856285393238
0.02352646365761757
0.04744488000869751
0.07860514521598816
0.04031980037689209
0.09934943169355392
0.022029085084795952
0.023175494745373726
0.022483142092823982
0.08091692626476288
0.06809522211551666
0.010666094720363617
0.032516587525606155
0.021176788955926895
0.09183920174837112
0.02312788926064968
0.0727546438574791
0.3964609205722809
0.02476058527827263
0.04700390622019768
0.2184457778930664
0.017862237989902496
0.02358306013047695
0.02167094126343727
0.008465340360999107
0.06015157327055931
0.06917128711938858
0.03656845912337303
0.04768392816185951
0.013069430366158485
0.04463990777730942
0.031026184558868408
0.023058176040649414
0.024166366085410118
0.20810440182685852
0.018502280116081238
0.014327878132462502
0.05122585594654083
0.015129461884498596
0.08682415634393692
0.014462891034781933
0.1138063445687294
0.017766311764717102
0.029118938371539116
0.5133308172225952
0.03357788547873497
0.06354644149541855
0.00925439316779375
0.19618920981884003
0.329892098903656
0.02371533215045929
0.041245236992836
0.019235391169786453
0.036479830741882324
0.02777978405356407
0.038795970380306244
0.07997696101665497
0.0236824918538332
0.011866983026266098
0.1835617870092392
0.017607586458325386
0.056559108197689056
0.06939276307821274
0.03290247172117233
0.009978590533137321
0.025784136727452278
0.17060916125774384
0.026615804061293602
0.09527323395013809
0.05823172628879547
0.03600804880261421
0.012844471260905266
0.020155688747763634
0.04827762022614479
0.1163259744644165
0.02465999498963356
0.01473991945385933
0.01662454567849636
0.017282038927078247
0.014212831854820251
0.049459394067525864
0.023194538429379463
0.011896630749106407
0.030151626095175743
0.017659269273281097
0.061535101383924484
0.024915989488363266
0.052554987370967865
0.008327040821313858
0.0393083356320858
0.015344264917075634
0.03252243250608444
0.01042104046791792
0.0184057354927063
0.07538165897130966
0.020546594634652138
0.02159261517226696
0.023431384935975075
0.01071421429514885
0.04934723675251007
0.04747168719768524
0.016453566029667854
0.013009326532483101
0.008894257247447968
0.021595463156700134
0.010967198759317398
0.05940188094973564
0.026980530470609665
0.12303290516138077
0.02082912065088749
0.019910912960767746
0.011233774945139885
0.00978299044072628
0.06338416785001755
0.023154791444540024
0.007100668735802174
0.008014611899852753
0.11990354210138321
0.024211116135120392
0.0927676260471344
0.07312100380659103
0.0189263503998518
0.027483129873871803
0.04434428736567497
0.03770307078957558
0.019601071253418922
0.013730212114751339
0.02143406867980957
0.03421392664313316
0.013835684396326542
0.027531078085303307
0.013211775571107864
0.020562246441841125
0.02196318469941616
0.017077673226594925
0.03834297135472298
0.2918584644794464
0.08307875692844391
0.1122644692659378
0.03989844769239426
0.026981638744473457
0.07918768376111984
0.03566497191786766
0.01677137427031994
0.01786448247730732
0.021594732999801636
0.02159610576927662
0.035126157104969025
0.012876641936600208
0.046044137328863144
0.02002033032476902
0.030693182721734047
0.00737859308719635
0.016805708408355713
0.028885744512081146
0.11260171979665756
0.14843183755874634
0.03888685628771782
0.027623582631349564
0.005511616822332144
0.07343496382236481
0.07117118686437607
0.025228295475244522
0.16580048203468323
0.5219846367835999
0.2023724615573883
0.07875864952802658
0.01154348999261856
0.02582526206970215
0.032536301761865616
0.022928958758711815
0.018315067514777184
0.04735003411769867
0.026549987494945526
0.05517200008034706
0.31410691142082214
0.009580260142683983
0.012405372224748135
0.03045707568526268
0.06817877292633057
0.02055392786860466
0.08007743954658508
0.02869516983628273
0.011261357925832272
0.07580883055925369
0.023252271115779877
0.02093259058892727
0.06904993206262589
0.031778909265995026
0.01847173646092415
0.015252265147864819
0.02153627574443817
0.011201735585927963
0.023701343685388565
0.023973235860466957
0.13131579756736755
0.024713361635804176
0.2283054143190384
0.014164667576551437
0.023204399272799492
0.02027891017496586
0.023000167682766914
0.019241701811552048
0.021740373224020004
0.075375996530056
0.11475643515586853
0.03319571539759636
0.18684695661067963
0.02168773114681244
0.04522174596786499
0.19339671730995178
0.019485874101519585
0.05603118613362312
0.24815309047698975
0.036439478397369385
0.10327242314815521
0.10718294978141785
0.03302410989999771
0.05002789571881294
0.015144535340368748
0.029685253277420998
0.015382755547761917
0.011980019509792328
0.010307718068361282
0.048540979623794556
0.029017236083745956
0.08660952746868134
0.013840853236615658
0.036972906440496445
0.028619857504963875
0.7431938052177429
0.02558322064578533
0.06088629364967346
0.021191269159317017
0.052193205803632736
0.01974155753850937
0.061352506279945374
0.040482696145772934
0.03083285130560398
0.018594160676002502
0.023605745285749435
0.014686320908367634
0.1949385404586792
0.013655443675816059
0.0831063985824585
0.2594192326068878
0.026379089802503586
0.247842475771904
0.03793274983763695
0.02160485088825226
0.013698112219572067
0.7981964945793152
0.019587742164731026
0.028845643624663353
0.015090666711330414
0.007513696327805519
0.11807642877101898
0.015125320293009281
0.88987797498703
0.19944414496421814
0.016860267147421837
0.06132572889328003
0.11383838951587677
0.018822282552719116
0.01761208102107048
0.09298483282327652
0.11960262060165405
0.020357467234134674
0.04406571760773659
0.06264273822307587
0.03797651827335358
0.294256329536438
0.34894052147865295
0.05045495554804802
0.08141973614692688
0.05006194859743118
0.047759197652339935
0.06839416176080704
0.03326518088579178
0.022457197308540344
0.016498100012540817
0.012373906560242176
0.009432877413928509
0.017554333433508873
0.011262859217822552
0.02180510386824608
0.010966654866933823
0.046192921698093414
0.05961766093969345
0.023702383041381836
0.013315870426595211
0.020781947299838066
0.01099149789661169
0.14783084392547607
0.023297231644392014
0.023532340303063393
0.031790927052497864
0.013858037069439888
0.08106918632984161
0.03624829277396202
0.023169739171862602
0.14298950135707855
0.03477867320179939
0.012674389407038689
0.03068859875202179
0.01571241021156311
0.02666437439620495
0.30139702558517456
0.056244418025016785
0.06511987745761871
0.010914177633821964
0.08784892410039902
0.00999569520354271
0.02651420794427395
0.01584002561867237
0.06584974378347397
0.038176529109478
0.023250557482242584
0.07640303671360016
0.015881389379501343
0.21196231245994568
0.08531570434570312
0.03910227119922638
0.017960024997591972
0.012896690517663956
0.005188758950680494
0.019005628302693367
0.0250508114695549
0.012669534422457218
0.04215746000409126
0.0200429018586874
0.02643640525639057
0.010704880580306053
0.07217465341091156
0.14457619190216064
0.07986962795257568
0.021014975383877754
0.010634994134306908
0.027921171858906746
0.031210551038384438
0.01483156904578209
0.011551016941666603
0.03559673950076103
0.08574146777391434
0.13666300475597382
0.023349342867732048
0.028775814920663834
0.010328658856451511
0.05654139816761017
0.013370197266340256
0.029064569622278214
0.21426545083522797
0.548531711101532
0.07898077368736267
0.016752809286117554
0.012748278677463531
0.10843121260404587
0.015967480838298798
0.030260642990469933
0.3781575560569763
0.032146062701940536
0.02026544325053692
0.14254255592823029
0.01823965087532997
0.051545239984989166
0.06045938655734062
0.013783660717308521
0.03407946228981018
0.0341067910194397
0.017783448100090027
0.027013424783945084
0.3531610071659088
0.10115702450275421
0.03934939205646515
0.05191616714000702
0.13525937497615814
0.009236244484782219
0.015231250785291195
0.1595863252878189
0.1083671897649765
0.019136980175971985
0.04745668172836304
0.0152290565893054
0.025094598531723022
0.031065165996551514
0.02883072756230831
0.010454916395246983
0.4391613304615021
0.047857098281383514
0.023286515846848488
0.033030301332473755
0.015126833692193031
0.01604921743273735
0.030422929674386978
0.04640904441475868
0.18876101076602936
0.10191777348518372
0.03609274700284004
0.24014277756214142
0.06938321888446808
0.09915268421173096
0.01403427217155695
0.11610119789838791
0.033643804490566254
0.009585743770003319
0.14232231676578522
0.03886958211660385
0.039634350687265396
0.017175698652863503
0.010655497200787067
0.04105700924992561
0.061485134065151215
0.029506493359804153
0.01965772919356823
0.015486347489058971
0.4184369444847107
0.01734372228384018
0.05389527603983879
0.015399531461298466
0.13756804168224335
0.029015157371759415
0.007930291816592216
0.10622218996286392
0.10012370347976685
0.0548228956758976
0.062345925718545914
0.06858350336551666
0.08377297222614288
0.04861732944846153
0.015495341271162033
0.014441867358982563
0.1702173352241516
0.05160912126302719
0.1093931496143341
0.03441090136766434
0.012568634934723377
0.12752585113048553
0.338957816362381
0.049827516078948975
0.034561313688755035
0.035420309752225876
0.017515935003757477
0.018891390413045883
0.022497473284602165
0.02562216855585575
0.11028207093477249
0.06451632082462311
0.015003233216702938
0.057801127433776855
0.06270585209131241
0.012609570287168026
0.024381989613175392
0.03450067341327667
0.03334120288491249
0.01788821443915367
0.03138773515820503
0.0814983993768692
0.1523066759109497
0.29915469884872437
0.07008460909128189
0.016978483647108078
0.04561099037528038
0.03408874198794365
0.03788350895047188
0.007124544121325016
0.017177758738398552
0.018395382910966873
0.017686467617750168
0.01751561462879181
0.015277225524187088
0.015118077397346497
0.05196652561426163
0.03428686037659645
0.01505112275481224
0.0639718696475029
0.02776620164513588
0.043227192014455795
0.05080786719918251
0.02638782188296318
0.011562877334654331
0.11436016857624054
0.33232495188713074
0.01687302254140377
0.019213341176509857
0.061548274010419846
0.016213705763220787
0.39260658621788025
0.031743451952934265
0.025155577808618546
0.3745647668838501
0.02007734775543213
0.023449085652828217
0.32414111495018005
0.005889234598726034
0.015853777527809143
0.10871604084968567
0.09486661851406097
0.023762132972478867
0.044072527438402176
0.08574480563402176
0.0808701142668724
0.022745167836546898
0.03417157754302025
0.011805136688053608
0.016574984416365623
0.027746306732296944
0.04749415069818497
0.07783572375774384
0.021398918703198433
0.031161287799477577
0.014336204156279564
0.1726231724023819
0.020187580958008766
0.3790414035320282
0.010493896901607513
0.02412446215748787
0.013795210979878902
0.011163984425365925
0.013772984966635704
0.0355444997549057
0.018014153465628624
0.00816799234598875
0.01869185082614422
0.052125707268714905
0.017511319369077682
0.11236221343278885
0.03139326721429825
0.06432808935642242
0.3024791479110718
0.017463618889451027
0.015490991994738579
0.03758162260055542
0.05002260208129883
0.02274683676660061
0.27013760805130005
0.008100009523332119
0.008306499570608139
0.03154781833291054
0.02186853066086769
0.08506685495376587
0.3088371157646179
0.03241129592061043
0.04185014218091965
0.048916492611169815
0.056513555347919464
0.00802567321807146
0.032602161169052124
0.039309777319431305
0.14177578687667847
0.12967640161514282
0.0322844460606575
0.018500393256545067
0.04523046687245369
0.024404317140579224
0.007309031672775745
0.01584242470562458
0.0183185413479805
0.05103488266468048
0.01999058946967125
0.024365074932575226
0.0449504591524601
0.6552050709724426
0.04310808330774307
0.04149755463004112
0.012008501216769218
0.011036485433578491
0.01399275939911604
0.060548651963472366
0.04242055118083954
0.04889174550771713
0.05146702751517296
0.039537373930215836
0.03475406393408775
0.19636020064353943
0.014583122916519642
0.03355032205581665
0.012822594493627548
0.41077277064323425
0.04159662872552872
0.03504117205739021
0.0513480007648468
0.011007229797542095
0.04146331176161766
0.03736767917871475
0.060256168246269226
0.09539154917001724
0.23914270102977753
0.05381259694695473
0.09126736968755722
0.038853924721479416
0.00899908784776926
0.008060875348746777
0.009270492941141129
0.130177840590477
0.015866277739405632
0.07496021687984467
0.1456192582845688
0.007837129756808281
0.014967265538871288
0.0249291080981493
0.06460093706846237
0.08901648223400116
0.048540495336055756
0.03651685640215874
0.008352909237146378
0.01764543168246746
0.010562250390648842
0.022193895652890205
0.06954733282327652
0.7790349125862122
0.009671826846897602
0.03238215669989586
0.028099481016397476
0.021261008456349373
0.052462220191955566
0.06861024349927902
0.02819313295185566
0.08937600255012512
0.22454933822155
0.017856528982520103
0.046500060707330704
0.041035473346710205
0.04198100417852402
0.051386598497629166
0.009828765876591206
0.3236258327960968
0.03023521788418293
0.019157517701387405
0.09838388115167618
0.013307041488587856
0.05471828207373619
0.010753226466476917
0.08919775485992432
0.007908406667411327
0.035423677414655685
0.017313960939645767
0.06551975011825562
0.08540356159210205
0.03439757227897644
0.05448136478662491
0.07399585098028183
0.14447961747646332
0.013929068110883236
0.0095685925334692
0.1712050884962082
0.2175675630569458
0.02873104065656662
0.17459508776664734
0.04632524028420448
0.0140182850882411
0.016128085553646088
0.029999475926160812
0.020451055839657784
0.07445181906223297
0.023310953751206398
0.00893558468669653
0.008115295320749283
0.036993831396102905
0.010109776630997658
0.045192696154117584
0.00755953136831522
0.025353141129016876
0.016124853864312172
0.02018250897526741
0.029579415917396545
0.030932145193219185
0.03712853789329529
0.013337264768779278
0.032918427139520645
0.026334179565310478
0.09417301416397095
0.03922007232904434
0.2863863408565521
0.02108018472790718
0.044023383408784866
0.03259572759270668
0.031579699367284775
0.017198780551552773
0.02032301016151905
0.01009158045053482
0.02456311509013176
0.08821584284305573
0.051806993782520294
0.02030063420534134
0.07927659153938293
0.015770064666867256
0.036038562655448914
0.044911760836839676
0.0952545702457428
0.01916874386370182
0.07688114792108536
1.205946445465088
0.06089766323566437
0.048846449702978134
0.027905801311135292
0.02793433889746666
0.020681995898485184
0.058117035776376724
0.08499185740947723
0.0050438703037798405
0.10013242065906525
0.015260692685842514
0.027587754651904106
0.07937467843294144
0.013147132471203804
0.021785441786050797
0.07839445024728775
0.020169617608189583
0.019479718059301376
0.030055468901991844
0.2524787187576294
0.03283245489001274
0.1253933161497116
0.03516199067234993
0.010160401463508606
0.055519361048936844
0.12863466143608093
0.04056024178862572
0.011706974357366562
0.24458687007427216
0.131792813539505
0.08034638315439224
0.012065487913787365
0.07126548886299133
0.0390092097222805
0.058245398104190826
0.018910391256213188
0.009814745746552944
0.08961467444896698
0.03359155356884003
0.02693525329232216
0.09264174103736877
0.04838407784700394
0.01716226525604725
0.016528911888599396
0.02473987638950348
0.12525567412376404
0.2567257583141327
0.09384053200483322
0.012848561629652977
0.11888217180967331
0.047430165112018585
0.014761753380298615
0.019164666533470154
0.18662463128566742
0.1400446891784668
0.29229938983917236
0.1320861428976059
0.022691961377859116
0.01994137093424797
0.10381197929382324
0.03783833980560303
0.022793296724557877
0.0368482880294323
0.04495374113321304
0.057736147195100784
0.047232404351234436
0.006814157590270042
0.0221401359885931
0.011483890935778618
0.03128638118505478
0.016847819089889526
0.21923230588436127
0.02617967501282692
0.466791033744812
0.19839052855968475
0.024623077362775803
0.05275581404566765
0.2584216892719269
0.013776633888483047
0.03407500684261322
0.015966514125466347
0.06429533660411835
0.060069747269153595
0.1443832516670227
0.15237785875797272
0.018263079226017
0.007358785718679428
0.06299439072608948
0.09199468046426773
0.010977111756801605
0.11779943853616714
0.016516592353582382
0.05365855246782303
0.04188511148095131
0.06604284793138504
0.012929841876029968
0.059106625616550446
0.20019982755184174
0.023463169112801552
0.01774492859840393
0.0617855079472065
0.10335683077573776
0.02097974717617035
0.014695598743855953
0.10859489440917969
0.2657545804977417
0.05872330814599991
0.010844318196177483
0.029541773721575737
0.022152764722704887
0.3225027620792389
0.03152972459793091
0.029738018289208412
0.008084736764431
0.31497636437416077
0.26219338178634644
0.03791676461696625
0.01597292348742485
0.10718786716461182
0.03735845535993576
0.02244749292731285
0.018108796328306198
0.02326851524412632
0.05162112042307854
0.054068293422460556
0.5545244812965393
0.03223797678947449
0.08711212873458862
0.028411366045475006
0.026807602494955063
0.02887212485074997
0.14699731767177582
0.048877667635679245
0.15071195363998413
0.03324552997946739
0.019083485007286072
0.1620945781469345
0.02163449488580227
0.008236680179834366
0.11363878101110458
0.012276675552129745
0.07753272354602814
0.015184440650045872
0.13281308114528656
0.06211753562092781
0.0950605720281601
0.02581654116511345
0.2618551254272461
0.018978631123900414
0.021779747679829597
0.1754915863275528
0.024219145998358727
0.006452267523854971
0.11827291548252106
0.008572299964725971
0.0175913218408823
0.023870384320616722
0.12625940144062042
0.02637183852493763
0.20685164630413055
0.023850131779909134
0.04294786974787712
0.011246285401284695
0.04278931766748428
0.050909075886011124
0.006696190685033798
0.05304809287190437
0.017068471759557724
0.02071842923760414
0.015681631863117218
0.0336255319416523
0.02887980081140995
0.05240967124700546
0.07720361649990082
0.01976090483367443
0.050746992230415344
0.02161838859319687
0.02455679513514042
0.0145370839163661
0.1399916708469391
0.020739203318953514
0.03713919594883919
0.012237394228577614
0.1057644709944725
0.020142031833529472
0.012718498706817627
0.3442029058933258
0.02084917575120926
0.06033661589026451
0.02161394990980625
0.006294740829616785
0.030625291168689728
0.022684944793581963
0.9235174655914307
0.10981883108615875
0.01323336735367775
0.037775348871946335
0.006892915349453688
0.060129109770059586
0.022995328530669212
0.013314825482666492
0.19678473472595215
0.095100536942482
0.046167030930519104
0.020406555384397507
0.0839017927646637
0.01940927468240261
0.012013563886284828
0.02063879929482937
0.048423007130622864
0.011815988458693027
0.02356419712305069
0.008549824357032776
0.04272547364234924
0.052771151065826416
0.02878648042678833
0.05437676981091499
0.058678995817899704
0.02022535726428032
0.013786143623292446
0.04644056409597397
0.013664145022630692
0.013674176298081875
0.01652059331536293
0.017693886533379555
0.013863510452210903
0.12108586728572845
0.07373930513858795
0.08006301522254944
0.008241847157478333
0.01118732150644064
0.019875848665833473
0.016461487859487534
0.027273455634713173
0.06613199412822723
0.019646115601062775
0.011240141466259956
0.018501868471503258
0.032102856785058975
0.16257961094379425
0.014665037393569946
0.014189684763550758
0.020396096631884575
0.22135871648788452
0.022852756083011627
0.042490437626838684
0.1772405058145523
0.026883237063884735
0.3619859218597412
0.017481300979852676
0.024046052247285843
0.03223707899451256
0.1786051094532013
0.049433592706918716
1.8787941932678223
0.2430850863456726
0.03051721677184105
0.08374328911304474
0.09267809987068176
0.066654734313488
0.06291821599006653
0.16732004284858704
0.013083412311971188
0.02451596036553383
0.015433274209499359
0.009854172356426716
0.03395083174109459
0.010296148248016834
0.017141204327344894
0.05897321179509163
0.02762111835181713
0.2348206490278244
0.04510321095585823
0.020738385617733
0.009907393716275692
0.016323458403348923
0.016061674803495407
0.0436382070183754
0.022576559334993362
0.2475753128528595
0.01835562475025654
0.06965789943933487
0.09425849467515945
0.07974352687597275
0.01445185299962759
0.11027143150568008
0.35151010751724243
0.014320975169539452
0.011117273941636086
0.2860480844974518
0.13183553516864777
0.041212987154722214
0.0968523845076561
0.016536878421902657
0.02253068797290325
0.045462336391210556
0.014252979308366776
0.05653508007526398
0.019794201478362083
0.13466942310333252
0.05042656138539314
0.030498186126351357
0.0699673742055893
0.016741564497351646
0.05435720086097717
0.014444315806031227
0.025465546175837517
1.6200294494628906
0.022518862038850784
0.10741139203310013
0.054927606135606766
0.02964211069047451
0.1271381378173828
0.12478657811880112
0.05400722846388817
0.019431650638580322
0.02698252722620964
0.015541603788733482
0.012551423162221909
0.024688951671123505
0.02252436801791191
0.017345590516924858
0.021091939881443977
0.024355415254831314
0.03264754265546799
0.01798848621547222
0.009323611855506897
0.020765075460076332
0.05825049430131912
0.04857226833701134
0.17003385722637177
0.021279817447066307
0.02197778970003128
0.05089612677693367
0.014717867597937584
0.008531749248504639
0.044385988265275955
0.02846144698560238
0.29957664012908936
0.08205846697092056
0.19996760785579681
0.1134960874915123
0.012913202866911888
0.045465316623449326
0.02777237445116043
0.015592009760439396
0.01902741566300392
0.019832434132695198
0.02740352414548397
0.015468440018594265
0.038800425827503204
0.12426283210515976
0.01124640740454197
0.045053306967020035
0.01023170631378889
0.030313557013869286
0.049875061959028244
0.07035164535045624
0.061083417385816574
0.03095150925219059
0.02024833671748638
0.017831791192293167
0.02156451717019081
0.022008497267961502
0.008568025194108486
0.07983370870351791
0.046728309243917465
0.00868341512978077
0.013729813508689404
0.034660935401916504
0.02095774933695793
0.10229884833097458
0.1455824077129364
0.02376163937151432
0.014930490404367447
0.01174142025411129
0.519676923751831
0.024187788367271423
0.027940502390265465
0.31601211428642273
0.01081426627933979
0.020881623029708862
0.0736439973115921
0.49201470613479614
0.015255503356456757
0.013112855143845081
0.10483305156230927
0.1425672322511673
0.10556812584400177
0.017612215131521225
0.046144213527441025
0.02829023078083992
0.01987503468990326
0.02319558709859848
0.05393465608358383
0.7880873084068298
0.021989108994603157
0.011600675992667675
0.009809545241296291
0.11684062331914902
0.07549408078193665
0.028945792466402054
0.05121283233165741
0.3633776307106018
0.03985881805419922
0.21538126468658447
0.03212472423911095
0.027525851503014565
0.032561976462602615
0.07515597343444824
0.018255960196256638
0.019465293735265732
0.015915514901280403
0.06529327481985092
0.025929270312190056
0.016083087772130966
0.14715254306793213
0.14964494109153748
0.036624591797590256
0.024143945425748825
0.07167066633701324
0.012088494375348091
0.02261984720826149
0.039301853626966476
0.05850129947066307
0.17374823987483978
0.035237882286310196
0.055453717708587646
0.01836971752345562
0.0242270827293396
0.043889544904232025
0.029182372614741325
0.08349847793579102
0.0064033688977360725
0.07020048797130585
0.3523538410663605
0.04246670752763748
0.006087593734264374
0.018782945349812508
0.024601979181170464
0.7480140328407288
0.07095026969909668
0.019435038790106773
0.025377998128533363
0.0732848271727562
0.18649116158485413
0.08164992183446884
0.014842091128230095
0.04171382635831833
0.031165633350610733
0.006611977703869343
0.06925993412733078
0.02265039086341858
0.028433680534362793
0.0864495187997818
0.05577082186937332
0.014421015046536922
0.04421989992260933
0.02694515325129032
0.054986096918582916
0.3437090814113617
0.017366843298077583
0.015592298470437527
0.05715497210621834
0.010857471264898777
0.021406972780823708
0.015514891594648361
0.08138182759284973
0.028292499482631683
0.010428998619318008
0.02067384123802185
0.01668117754161358
0.00690232589840889
0.009018599055707455
0.45654597878456116
0.01236998662352562
0.01569235324859619
0.007938981056213379
0.01838139072060585
0.023106031119823456
0.1034766286611557
0.02198699861764908
0.12511004507541656
0.010719061829149723
0.06140279024839401
0.006342878099530935
0.015026895329356194
0.02250642329454422
0.022139955312013626
0.03427368029952049
0.017705559730529785
0.032424796372652054
0.015043416991829872
0.3565109670162201
0.010180923156440258
0.02424369379878044
0.11021082103252411
0.04897954687476158
0.02463512308895588
0.023574188351631165
0.14596429467201233
0.1741439402103424
0.024523474276065826
0.07517391443252563
0.024392003193497658
0.027928395196795464
0.020609112456440926
0.051881399005651474
0.011926805600523949
0.440352201461792
0.03756668046116829
0.03759060427546501
0.04861665517091751
0.00961571466177702
0.045670293271541595
0.0501045323908329
0.02465171180665493
0.009215686470270157
0.13892589509487152
0.20851922035217285
0.09683337807655334
0.20155668258666992
0.009186919778585434
0.16169510781764984
0.08139907568693161
0.024321038275957108
0.012795977294445038
0.04735562205314636
0.04516439139842987
0.02397432178258896
0.28570783138275146
0.06545308977365494
0.0353945717215538
0.030812956392765045
0.11878141015768051
0.019607437774538994
0.02281862124800682
0.03291735053062439
0.020335733890533447
0.081193707883358
0.08849553018808365
0.02114957384765148
0.017854446545243263
0.053357355296611786
0.05265877768397331
0.09528008848428726
0.0359509214758873
0.0663570687174797
0.10873426496982574
0.00783497653901577
0.018731579184532166
0.06268098950386047
0.08657384663820267
0.07522507756948471
0.023484699428081512
0.11524979770183563
0.008261356502771378
0.011982511729001999
0.010574014857411385
0.05991831421852112
0.03291550651192665
0.019650427624583244
0.032366614788770676
0.01687694527208805
0.07532976567745209
1.6349048614501953
0.012746607884764671
0.12220939248800278
0.016788028180599213
0.006352233700454235
0.011677890084683895
0.16313210129737854
0.024985775351524353
0.0395013689994812
0.10846177488565445
0.055370181798934937
0.032043155282735825
0.027894243597984314
0.01216749008744955
0.020110080018639565
0.039808012545108795
0.11823797225952148
0.09194502979516983
0.13442057371139526
0.09025756269693375
0.016976546496152878
0.045434027910232544
0.06339443475008011
0.040751662105321884
0.04326314851641655
0.035730455070734024
0.05872726812958717
0.06495030969381332
0.0456087589263916
0.056944090873003006
0.04902404546737671
0.013003868982195854
0.07106483727693558
0.022425726056098938
0.05419081822037697
0.0333264134824276
0.0389971025288105
0.02623293362557888
0.046918805688619614
0.03361443430185318
0.03914444521069527
0.09951138496398926
0.01037668902426958
0.07903330028057098
0.046186454594135284
0.018642982468008995
0.01707291603088379
0.046434663236141205
0.018801584839820862
0.024119818583130836
0.027584917843341827
0.02664259821176529
0.016803259029984474
0.012415251694619656
0.08240727335214615
0.029245126992464066
0.055265236645936966
0.0862070843577385
0.04912727698683739
0.009239121340215206
0.022608492523431778
0.016068939119577408
0.02138538658618927
0.025442423298954964
0.023927954956889153
0.019592786207795143
0.05994287133216858
0.0369354784488678
0.024829141795635223
0.01784319244325161
0.010161849670112133
0.09531029313802719
0.015536433085799217
0.009106393903493881
0.0363643616437912
0.03486192226409912
0.061247121542692184
0.01589258760213852
0.026070738211274147
0.014483601786196232
0.1942412406206131
0.009799190796911716
0.014522765763103962
0.13064342737197876
0.014789183624088764
0.03480686619877815
0.05848411098122597
0.0074239750392735004
0.03352805972099304
0.06321144104003906
0.044876206666231155
0.0309890229254961
0.0824904665350914
0.030778750777244568
0.13004083931446075
0.014542822726070881
0.03194280341267586
0.01083141565322876
0.01692224107682705
0.09754328429698944
0.3706619143486023
0.008248765021562576
0.10957559198141098
0.011272882111370564
0.04223668947815895
0.014135210774838924
0.06161714345216751
0.023076677694916725
0.3693307340145111
0.12059305608272552
0.06450854986906052
0.029616985470056534
0.012483091093599796
0.011143661104142666
0.042749930173158646
0.04099232703447342
0.015906937420368195
0.09670186787843704
0.1914987713098526
0.0071785831823945045
0.011135528795421124
0.02084866724908352
0.018215281888842583
0.018807390704751015
0.05976080149412155
0.24056611955165863
0.057886090129613876
0.05779668688774109
0.055628638714551926
0.026537738740444183
0.020497513934969902
0.030886173248291016
0.02103162556886673
0.011086374521255493
0.009561591781675816
0.033547136932611465
0.020265407860279083
0.10326459258794785
0.03842732310295105
0.02174588479101658
0.026652641594409943
0.019567139446735382
0.04074110463261604
0.056877922266721725
0.06661856174468994
0.016073236241936684
0.04214073345065117
0.1431874781847
0.0365806445479393
0.027344079688191414
0.11630335450172424
0.04761040210723877
0.19101274013519287
0.02284284308552742
0.2008226364850998
0.01916189305484295
0.06203719601035118
0.04859570041298866
0.025418275967240334
0.03256147354841232
0.14474090933799744
0.18324628472328186
0.04226997494697571
0.09305569529533386
0.07748866826295853
0.025146979838609695
0.02266818843781948
0.007118312641978264
0.07933968305587769
0.07123412936925888
0.02225232683122158
0.018939221277832985
0.02484780177474022
0.034526582807302475
0.041105225682258606
0.11744824051856995
0.021876294165849686
0.14746896922588348
0.012019356712698936
0.030865024775266647
0.05827302485704422
0.014345535077154636
0.025004524737596512
0.009227444417774677
0.006542706862092018
0.022235488519072533
0.03363891690969467
0.040073420852422714
0.3997728228569031
0.03619670122861862
0.012902284041047096
0.02222069725394249
0.013283888809382915
0.6190045475959778
0.3121456205844879
0.15231092274188995
0.01672772876918316
0.03686490282416344
0.2100774496793747
0.02464352361857891
0.04367881640791893
0.023706557229161263
0.037624817341566086
0.05008965730667114
0.013436252251267433
0.11933860927820206
0.02085571549832821
0.2681064307689667
0.03082917258143425
0.20443512499332428
0.0319477841258049
0.01132415421307087
0.04709513485431671
0.09607759118080139
0.01726013980805874
0.010503148660063744
0.05341256037354469
0.027499837800860405
0.013510474003851414
0.09034000337123871
0.02898113802075386
0.10066923499107361
0.034936949610710144
0.013755464926362038
0.032165538519620895
0.015688782557845116
0.05235008895397186
0.013844117522239685
0.0649682804942131
0.05560597777366638
0.05628764256834984
0.019992642104625702
0.030280552804470062
0.029397642239928246
0.01175428181886673
0.03512616828083992
0.05600343644618988
0.02600591629743576
0.01696779578924179
0.013670196756720543
0.018343936651945114
0.010329659096896648
0.07699728012084961
0.010390500538051128
0.03151078149676323
0.14788614213466644
0.017473751679062843
0.038970958441495895
0.02539607137441635
0.013274895027279854
0.08978383988142014
0.04124825820326805
0.010200191289186478
0.014585832133889198
0.020239952951669693
0.03365702927112579
0.030417926609516144
0.1514943540096283
0.24724000692367554
0.011885099112987518
0.023379873484373093
0.385238915681839
0.05364391952753067
0.038507044315338135
0.055236391723155975
0.043969590216875076
0.02508961595594883
0.020282957702875137
0.02230527065694332
0.02760457620024681
0.032117679715156555
0.11818316578865051
0.046042803674936295
0.07029823958873749
0.040020450949668884
0.044950734823942184
0.011331964284181595
0.017038509249687195
0.07263236492872238
0.03487718477845192
0.016845060512423515
0.03226554021239281
0.018605072051286697
0.029183505102992058
0.0169320460408926
0.010167684406042099
0.07598020881414413
0.05745290592312813
0.02395976148545742
0.03090524859726429
0.01301824301481247
0.07584946602582932
0.03951156884431839
0.01981334388256073
0.03083174303174019
0.1608368158340454
0.010716183111071587
0.08006653189659119
0.018159201368689537
0.06460604816675186
0.012694701552391052
0.004824575502425432
0.026192989200353622
0.01769733801484108
0.051681872457265854
0.08123040944337845
0.019679991528391838
0.01810760796070099
0.1091494932770729
0.05394810438156128
0.026412589475512505
0.03278486430644989
0.018163902685046196
0.029390204697847366
0.13466563820838928
0.03608391433954239
0.03132309019565582
0.6301677227020264
0.0362328365445137
0.058524806052446365
0.07398578524589539
0.050166644155979156
0.03434700146317482
0.04651794210076332
0.022320061922073364
0.09089697897434235
0.024952378123998642
0.04135372117161751
0.04874385520815849
0.015250439755618572
0.042487405240535736
0.07004418969154358
0.03830467164516449
0.009567521512508392
0.028110986575484276
0.06865634769201279
0.010776213370263577
0.0898587703704834
0.05151170492172241
0.012729655019938946
0.009840438142418861
0.011989978142082691
0.015032927505671978
0.05713503435254097
0.023436492308974266
0.028738422319293022
0.030893409624695778
0.08018316328525543
0.1527910977602005
0.1146530881524086
0.22143803536891937
0.038003191351890564
0.02962474524974823
0.03541523963212967
0.13200293481349945
0.022236250340938568
0.011102293618023396
0.030950877815485
0.028871528804302216
0.32995325326919556
0.025206508114933968
0.02034907229244709
0.009759187698364258
0.02784290909767151
0.1102685034275055
0.011287299916148186
0.17700214684009552
0.0777600035071373
0.03438417613506317
0.028979819267988205
0.15314288437366486
0.01837068796157837
0.02396283857524395
0.012378253042697906
0.012130143120884895
0.0437169149518013
0.1504213958978653
0.4770820140838623
0.09385795146226883
0.02727002464234829
0.023311572149395943
0.0659695565700531
0.051880739629268646
0.03311925008893013
0.402187317609787
0.12630589306354523
0.030473975464701653
0.03248625621199608
0.0339723564684391
0.009906819090247154
0.01007399894297123
0.05870459973812103
0.054430533200502396
0.12445108592510223
0.019850118085741997
0.6221753358840942
0.030713750049471855
0.017070263624191284
0.013547214679419994
0.013606344349682331
0.023913009092211723
0.04739720746874809
0.024958252906799316
0.0736517533659935
0.02198735438287258
0.022672811523079872
0.26341187953948975
0.05976660177111626
0.014279545284807682
0.5522668361663818
0.0305820070207119
0.03226442635059357
0.3795129358768463
0.008901047520339489
0.014774570241570473
0.06627995520830154
0.05629362910985947
0.027653386816382408
0.08399750292301178
0.01987677812576294
0.06201963871717453
0.02286936528980732
0.04456816986203194
0.21680735051631927
0.039706602692604065
0.006284975912421942
0.009741155430674553
0.06524451822042465
0.018779989331960678
0.026963429525494576
0.13514208793640137
0.043963801115751266
0.0875089168548584
0.13372626900672913
0.02629627287387848
0.09783779829740524
0.05549093335866928
0.07251904159784317
0.02276184782385826
0.026548950001597404
0.040239784866571426
0.14864127337932587
0.04952323064208031
0.03684507682919502
0.01943102851510048
0.0892714262008667
0.03347136452794075
0.043608080595731735
0.026530716568231583
0.034386664628982544
0.09595312178134918
0.07874255627393723
0.06694579869508743
0.017622055485844612
0.039622675627470016
0.02833770401775837
0.019507696852087975
0.04177669808268547
0.057255230844020844
0.014952950179576874
0.028815098106861115
0.011979722417891026
0.02545046992599964
0.10718584060668945
0.026607941836118698
0.031223470345139503
0.0696352869272232
0.047828737646341324
0.023074470460414886
0.026672201231122017
0.07440868765115738
0.046481505036354065
0.02444126084446907
0.01762719638645649
0.01705394871532917
0.03252106532454491
0.21278545260429382
0.07108157873153687
0.026422422379255295
0.007684140000492334
0.03032812662422657
0.030995503067970276
0.014057159423828125
0.02066757157444954
0.03523728996515274
0.026117820292711258
0.012663516215980053
0.010629968717694283
0.02280477248132229
0.031572699546813965
0.053280871361494064
0.008688048459589481
0.0708540603518486
0.01908903568983078
0.16473424434661865
0.06402157247066498
0.012973112985491753
0.02213240973651409
0.04361063241958618
0.017355604097247124
0.06328076124191284
0.12364125996828079
0.024995844811201096
0.25084060430526733
0.012557724490761757
0.07079904526472092
0.009191980585455894
0.01987287402153015
0.17127396166324615
0.019166726619005203
0.04949001967906952
0.0076457136310637
0.025623170658946037
0.057250022888183594
0.0376737043261528
0.050876740366220474
0.025233803316950798
0.030372655019164085
0.015307481400668621
0.028905542567372322
0.0167153999209404
0.059130121022462845
0.12498105317354202
0.032330188900232315
0.134384885430336
0.024056872352957726
0.023452429100871086
0.01783723011612892
0.016095254570245743
0.011133036576211452
0.03943096473813057
0.160134419798851
0.07228735089302063
0.061474546790122986
0.02483355440199375
0.020797736942768097
0.01795850321650505
0.05077243596315384
0.03980804979801178
0.043244194239377975
0.13788531720638275
0.20342518389225006
0.035258419811725616
0.040477875620126724
0.03731393441557884
0.01994282938539982
0.018963152542710304
0.010372787714004517
0.019399471580982208
0.010360698215663433
0.02581654116511345
0.05672736465930939
0.04116539657115936
0.11809657514095306
0.00868841540068388
0.0949428379535675
0.24171540141105652
0.015433622524142265
0.004795765038579702
0.03254430741071701
0.1920010894536972
0.030164172872900963
0.006035916041582823
0.06442220509052277
0.02943841926753521
0.01696108840405941
0.21013972163200378
0.0741799846291542
0.046307437121868134
0.026802469044923782
0.039304718375205994
0.018984241411089897
0.038868844509124756
0.13042904436588287
0.007352932821959257
0.013500271365046501
0.08379967510700226
0.024140728637576103
0.46812859177589417
0.026871034875512123
0.08029095828533173
0.02787836641073227
0.1524047702550888
0.07287538051605225
0.04597770422697067
0.028639916330575943
0.021588176488876343
0.02655147761106491
0.025492900982499123
0.046447061002254486
0.23959439992904663
0.02395220659673214
0.011657590046525002
0.004444994032382965
0.02402801811695099
0.024274416267871857
0.016275420784950256
0.017566736787557602
0.07447566837072372
0.037704095244407654
0.023631270974874496
0.046449147164821625
0.20740266144275665
0.009938989765942097
0.05840957537293434
0.016204286366701126
0.03786890581250191
0.023423774167895317
0.014504378661513329
0.019569668918848038
0.0439843125641346
0.054430581629276276
0.2913277745246887
0.16515779495239258
0.03979325294494629
0.006877485662698746
0.02251446805894375
0.029431210830807686
0.054750531911849976
0.02825877256691456
0.061982110142707825
0.07514511048793793
0.11664272099733353
0.01617066189646721
0.15650127828121185
0.09173275530338287
0.5928966999053955
0.020539866760373116
0.018354788422584534
0.03933380916714668
0.039601050317287445
0.007605432067066431
0.06369247287511826
0.16163109242916107
0.03228050470352173
0.03197263553738594
0.04248426854610443
0.01868804544210434
0.0298099797219038
0.04226825386285782
0.32134732604026794
0.02563553862273693
0.05339863896369934
0.037512995302677155
0.024091672152280807
0.12304600328207016
0.08682986348867416
0.09040439128875732
0.013176500797271729
0.023422010242938995
0.025499969720840454
0.01750596985220909
0.01914135552942753
0.03090682066977024
0.00898084044456482
0.18369172513484955
0.008684299886226654
0.006574057508260012
0.04915269464254379
0.0750444084405899
0.12611739337444305
0.03840942308306694
0.006753216497600079
0.1234225258231163
0.017178837209939957
0.039328958839178085
0.15743742883205414
0.022227516397833824
0.10276903957128525
0.32540783286094666
0.034234464168548584
0.08500020205974579
0.051301173865795135
0.017345167696475983
0.016628887504339218
0.07549858838319778
0.03882903233170509
0.030131205916404724
0.10812786966562271
0.02185210958123207
0.030270017683506012
0.014139747247099876
0.010287020355463028
0.015597275458276272
0.01755337044596672
0.01997707225382328
0.011200458742678165
0.012644501402974129
0.035893674939870834
0.05467883497476578
0.1035059243440628
0.10851261019706726
0.05337797477841377
0.011719903908669949
0.00993707962334156
0.3738017976284027
0.03133999556303024
0.010291792452335358
0.0353555791079998
0.010485757142305374
0.030129574239253998
0.021013595163822174
0.10515817254781723
0.029780784621834755
0.018474426120519638
0.016015512868762016
0.022728199139237404
0.13633586466312408
0.022148314863443375
0.07300829142332077
0.015038648620247841
0.010468552820384502
0.011897466145455837
0.03186897933483124
0.026297245174646378
0.030278947204351425
0.012159883044660091
0.007486140355467796
0.060788728296756744
0.17866185307502747
0.030790673568844795
0.09290999174118042
0.041669271886348724
0.16104301810264587
0.07328534126281738
0.020974520593881607
0.050761982798576355
0.013141090981662273
0.028585035353899002
0.013933665119111538
0.01778123714029789
0.017564013600349426
0.9516173005104065
0.037073031067848206
0.02418496459722519
0.17651814222335815
0.013877148739993572
0.028774676844477654
0.15813905000686646
0.028470011427998543
0.10821264237165451
0.06937389075756073
0.0827786847949028
0.076718769967556
0.021899808198213577
0.062166813760995865
0.09263153374195099
0.027336180210113525
0.034212518483400345
0.010936293751001358
0.0283630583435297
0.015348822809755802
0.02942764014005661
0.10645392537117004
0.24418450891971588
0.03970906138420105
0.16123799979686737
0.01737932302057743
0.022007841616868973
0.012810108251869678
0.009917275980114937
0.018720101565122604
0.02133222110569477
0.0419575572013855
0.047044895589351654
0.01109173521399498
0.034291889518499374
0.028474196791648865
0.07923266291618347
0.016456015408039093
0.015309694223105907
0.05321843549609184
0.06384579092264175
0.13839589059352875
0.02299758605659008
0.017054522410035133
0.0125846853479743
0.07309343665838242
0.05262196436524391
0.011041004210710526
0.053388811647892
0.010860705748200417
0.009333474561572075
0.08363058418035507
0.1210116371512413
0.020163988694548607
0.01685386896133423
1.3089982271194458
0.037658076733350754
0.06941486150026321
0.07482698559761047
0.014728303998708725
0.04533553496003151
0.1403760015964508
0.27403634786605835
0.060142140835523605
0.0218610018491745
0.06500139832496643
0.031216513365507126
0.020096207037568092
0.07425623387098312
0.016628887504339218
0.018359782174229622
0.006357802078127861
0.0385635681450367
0.07810775935649872
0.07438790798187256
0.3021736741065979
0.0751873180270195
0.05747193098068237
0.017253194004297256
0.027434632182121277
0.01084071397781372
0.016038142144680023
0.02307874523103237
0.014355393126606941
0.03465091437101364
0.013893053866922855
0.03439534083008766
0.014415518380701542
0.03076768107712269
0.03148185461759567
0.028912222012877464
0.01665787398815155
0.23733647167682648
0.7686753273010254
0.016574818640947342
0.030311323702335358
0.05826013907790184
0.04917362704873085
0.0736176073551178
0.14718109369277954
0.0666402131319046
0.0748806744813919
0.13190439343452454
0.047858670353889465
0.137879878282547
0.0486772246658802
0.03214098885655403
0.016618086025118828
0.02411484345793724
0.0682237520813942
0.02032432146370411
0.014017566107213497
0.013113649562001228
0.027286335825920105
0.05516619607806206
0.49772655963897705
0.11172071099281311
0.015391994267702103
0.105781689286232
0.02954700216650963
0.018738554790616035
0.05707206204533577
0.03718264028429985
0.52473384141922
0.019474785774946213
0.5454730987548828
0.013999778777360916
0.280720591545105
0.02420772612094879
0.054900627583265305
0.020151682198047638
0.01804700866341591
0.007585849147289991
0.020594589412212372
0.02572353556752205
0.024428362026810646
0.022141873836517334
0.016848865896463394
0.09364780783653259
0.02285020612180233
0.05985487252473831
0.016133667901158333
0.0233704075217247
0.014120112173259258
0.06988313049077988
0.022232459858059883
0.12249113619327545
0.24340368807315826
0.04501861333847046
0.024170737713575363
0.02363143116235733
0.012321091257035732
0.14992091059684753
0.051411863416433334
0.007187352050095797
0.03498823195695877
0.03017175942659378
0.7150428891181946
0.056235987693071365
0.03677799552679062
0.019910987466573715
0.02884158119559288
0.03932356461882591
0.04870932921767235
0.01209101639688015
0.020555222406983376
0.013011770322918892
0.1474585384130478
0.01912103034555912
0.08025571703910828
0.017620086669921875
0.07712376117706299
0.47078150510787964
0.0935772955417633
0.02231495827436447
0.014523484744131565
0.0228164903819561
0.05020131915807724
0.2339809685945511
0.025542674586176872
0.03285130858421326
0.1417611688375473
0.022279804572463036
0.06323664635419846
0.026926854625344276
0.03372122347354889
0.01195331197232008
0.0315292589366436
0.046697672456502914
0.013658123090863228
0.050252143293619156
0.02027914673089981
0.021583786234259605
0.06196777522563934
0.020534053444862366
0.2764948904514313
0.03108413890004158
0.19791749119758606
0.03083573654294014
0.06939928978681564
0.06260659545660019
0.03496772423386574
0.022553294897079468
0.014152342453598976
0.2805924415588379
0.08921899646520615
0.01348970364779234
0.01641368865966797
0.008356831036508083
0.055094294250011444
0.016371112316846848
0.013180337846279144
0.030755246058106422
0.2387634515762329
0.06582128256559372
0.022016458213329315
0.02754463069140911
0.6018334627151489
0.07398755103349686
0.07657915353775024
0.037522561848163605
0.017116431146860123
0.028498632833361626
0.3165651857852936
0.3814491629600525
0.02696523815393448
0.02590196579694748
0.19071295857429504
0.047047462314367294
0.017905114218592644
0.02644536830484867
0.017028873786330223
0.010303708724677563
0.01900498755276203
0.016944291070103645
0.04503900185227394
0.029427602887153625
0.5232082009315491
0.02103867009282112
0.04097362235188484
0.23424479365348816
0.009520807303488255
0.015929147601127625
0.019162442535161972
0.012617681175470352
0.03252945840358734
0.00899877492338419
0.01618194952607155
0.08421405404806137
0.1826407015323639
0.12105167657136917
0.018283892422914505
0.01182137057185173
0.14188766479492188
0.06483081728219986
0.4569227993488312
0.012811354361474514
0.03652860224246979
0.023789437487721443
0.038925133645534515
0.11899222433567047
0.01670105755329132
0.03134831413626671
0.019993305206298828
0.03804062306880951
0.026317497715353966
0.005529169924557209
0.03563906252384186
0.026644818484783173
1.1548007726669312
0.03629139065742493
0.11459846794605255
0.040843185037374496
0.01465856097638607
0.1162332221865654
0.015253007411956787
0.11900606006383896
0.008648178540170193
0.08591772615909576
0.044630199670791626
0.026496868580579758
0.06910743564367294
0.01446792297065258
0.4476730525493622
0.12499108910560608
0.06741391122341156
0.07234829664230347
0.02996721863746643
0.06178305670619011
0.03198640048503876
0.19303208589553833
0.05537233129143715
0.05567732825875282
0.02089565433561802
0.03780212998390198
0.15260036289691925
0.02455001324415207
0.2940217852592468
0.04240819811820984
0.041407130658626556
0.027793871238827705
0.4753113389015198
0.10445605963468552
0.01605629175901413
0.034835439175367355
0.023477105423808098
0.055197834968566895
0.017736036330461502
0.04455512389540672
0.0491243414580822
0.24548757076263428
0.019423484802246094
0.01696636900305748
0.01995180733501911
0.07110591232776642
0.025489771738648415
0.03917447477579117
0.005937491077929735
0.034286558628082275
0.057774435728788376
0.035259947180747986
0.020421119406819344
0.01919124461710453
0.12564508616924286
0.019781410694122314
0.0806165337562561
0.016788946464657784
0.019839804619550705
0.06194106489419937
0.1574898064136505
0.011805025860667229
0.00902498047798872
0.20941658318042755
0.08991674333810806
0.021191606298089027
0.0820407047867775
0.0543946847319603
0.01395290344953537
0.00790373608469963
0.022644465789198875
0.024877609685063362
0.03917388617992401
0.17033948004245758
0.054262321442365646
0.017614437267184258
0.018959814682602882
0.010197884403169155
0.05834295600652695
0.02523195743560791
0.12188230454921722
0.024181777611374855
0.0751110166311264
0.05586719140410423
0.009421668015420437
0.06023373827338219
0.009550916962325573
0.015681767836213112
0.028542354702949524
0.02926371432840824
0.05926784127950668
0.04638100787997246
0.013939839787781239
0.019539998844265938
0.21413224935531616
0.041872262954711914
0.017707262188196182
0.08965779095888138
0.016579652205109596
0.021247433498501778
0.1210397481918335
0.20118997991085052
0.044453028589487076
0.012077678926289082
0.02110198140144348
0.017677269876003265
0.013829730451107025
0.05056824907660484
0.029526595026254654
0.036406178027391434
0.041005998849868774
0.018579285591840744
0.08406202495098114
0.023846974596381187
0.07844897359609604
0.01209375448524952
0.040014587342739105
0.08194512873888016
0.015204975381493568
0.2702959477901459
0.03216613456606865
0.15017716586589813
0.023740744218230247
0.0447128564119339
0.05777078494429588
0.015089633874595165
0.02174183540046215
0.00926100555807352
0.22418095171451569
0.01861978881061077
0.13670675456523895
0.10774585604667664
0.021323848515748978
0.069554902613163
0.04497068375349045
0.019392574205994606
0.04657384380698204
0.05304713547229767
0.12210609763860703
0.025005655363202095
0.01950554922223091
0.02824852615594864
0.02676299586892128
0.035179007798433304
0.011599852703511715
0.10694146901369095
0.019716434180736542
0.008089265786111355
0.05245517939329147
0.005885236896574497
0.02149578370153904
0.03650901839137077
0.10593660175800323
0.03721890226006508
0.10496136546134949
0.020531466230750084
0.06659139692783356
0.016232937574386597
0.008407245390117168
0.16851413249969482
0.010557268746197224
0.032068874686956406
0.007248250301927328
0.010884227231144905
0.011581269092857838
0.008452719077467918
0.02086373046040535
0.030974604189395905
0.23138737678527832
0.04412519559264183
0.3035965859889984
0.012355167418718338
0.015370778739452362
0.02442837320268154
0.027590591460466385
0.03812013193964958
0.023329367861151695
0.07142955809831619
0.03358902037143707
0.03006725199520588
0.014814184047281742
0.04435991123318672
0.010456985794007778
0.011694702319800854
0.018542112782597542
0.06433575600385666
0.033658143132925034
0.02171536348760128
0.006009269040077925
0.10134703665971756
0.07059334963560104
0.010362275876104832
0.034108079969882965
0.012581054121255875
0.08724510669708252
0.058035966008901596
0.018157528713345528
0.00852749403566122
0.008627134375274181
0.04538591206073761
0.011003363877534866
0.10785498470067978
0.015189934521913528
0.019884297624230385
0.017391785979270935
0.015152692794799805
0.04853221774101257
0.27714693546295166
0.02552342414855957
0.014891361817717552
0.04819389060139656
0.03092220611870289
0.14246760308742523
0.05611938610672951
0.044755719602108
0.013597159646451473
0.1740959882736206
0.08306822925806046
0.08079749345779419
0.04481954872608185
0.012408246286213398
0.027062131091952324
0.01345793902873993
0.01171165332198143
0.0371563583612442
0.06245541200041771
0.008686359040439129
0.1767037957906723
0.06480307132005692
0.05145987495779991
0.014550560154020786
0.017405740916728973
0.044799692928791046
0.035937484353780746
0.04013187065720558
0.017085501924157143
0.016773762181401253
0.012388436123728752
0.012116477824747562
0.025829410180449486
0.09428813308477402
0.010339182801544666
0.11284322291612625
0.027076195925474167
0.027148693799972534
0.015057755634188652
0.0245070680975914
0.030173836275935173
0.033343687653541565
0.00988378468900919
0.015931691974401474
0.19657695293426514
0.25570419430732727
0.05770321562886238
0.05981442704796791
0.024356717243790627
0.02472306601703167
0.09641221910715103
0.011234336532652378
0.007550842594355345
0.01412377879023552
0.02833208255469799
0.04496094956994057
0.018284568563103676
0.02196165733039379
0.02828512340784073
1.0175352096557617
0.022822439670562744
0.026496391743421555
0.0335606150329113
0.031611062586307526
0.033634066581726074
0.016560612246394157
0.031703121960163116
0.018551504239439964
0.00890953280031681
0.026419498026371002
0.049370136111974716
0.06582791358232498
0.009926263242959976
0.08694937080144882
0.011377056129276752
0.10963800549507141
0.11207368224859238
0.049613796174526215
0.00343602173961699
0.05274549871683121
0.05073339492082596
0.05075077712535858
0.033455315977334976
0.0313287228345871
0.02987784892320633
0.047199804335832596
0.03432047367095947
0.02103543095290661
0.05055489391088486
0.03948849439620972
0.0344187431037426
0.019698327407240868
0.3243740499019623
0.07929299771785736
0.12430495768785477
0.019978933036327362
0.01556558907032013
0.08397137373685837
0.026481585577130318
0.01950831711292267
0.3174278736114502
0.20408062636852264
0.014904079027473927
0.08069414645433426
0.011865342035889626
0.0222339890897274
0.06949672847986221
0.18625237047672272
0.027909889817237854
0.022837547585368156
0.036882609128952026
0.03878108784556389
0.01401298213750124
0.10853713005781174
0.027323508635163307
0.07922230660915375
0.016608543694019318
0.01432083174586296
0.11087573319673538
0.024805007502436638
0.023073719814419746
0.02336004190146923
0.0884411409497261
0.009220353327691555
0.01589549519121647
0.033024564385414124
0.015634480863809586
0.019400114193558693
0.00689319521188736
0.041417092084884644
0.009274543263018131
0.010511510074138641
0.016658393666148186
0.013161064125597477
0.011399906128644943
0.015809442847967148
0.36264124512672424
0.4978881776332855
0.01768568716943264
0.01975133642554283
0.040327996015548706
0.12480136752128601
0.03905123472213745
0.017360279336571693
0.027417730540037155
0.04131108522415161
0.018181931227445602
0.01247047632932663
0.0356646366417408
0.014881384558975697
0.008907889015972614
0.02810058556497097
0.07207975536584854
0.01675715483725071
0.027216939255595207
0.24549664556980133
0.029492400586605072
0.012033228762447834
0.15252162516117096
0.07182130217552185
0.008562053553760052
0.13507357239723206
0.3202386498451233
0.012690330855548382
0.007284230086952448
0.01170053705573082
0.022388514131307602
0.12977160513401031
0.027447693049907684
0.033978354185819626
0.053948141634464264
0.01717965491116047
0.04934125393629074
0.15778107941150665
0.019106784835457802
0.02949659340083599
0.008044824004173279
0.026972342282533646
0.04462121054530144
0.09251192957162857
0.4981765151023865
0.012870068661868572
0.013667208142578602
0.014249212108552456
0.0723053514957428
0.025657953694462776
0.04776960238814354
0.02828722633421421
0.013211130164563656
0.09605972468852997
0.021183490753173828
0.20741941034793854
0.10963905602693558
0.044420093297958374
0.05664464831352234
0.048285290598869324
0.47500860691070557
0.028097467496991158
0.04508153349161148
0.015416781418025494
0.0748596042394638
0.14757034182548523
0.02562757022678852
0.5264272689819336
0.0946182832121849
0.017491605132818222
0.01877909153699875
0.013736188411712646
0.041453126817941666
0.5901743769645691
0.029081445187330246
0.017177702859044075
0.04820849746465683
0.1008695662021637
0.02696305699646473
0.08882119506597519
0.03744996339082718
0.024024581536650658
0.02491278573870659
0.02874196693301201
0.01628265529870987
0.05825689062476158
0.02569044567644596
0.05117706581950188
0.011138668283820152
0.13921713829040527
0.01948952116072178
0.013019622303545475
0.479235976934433
0.03108135238289833
0.09681890159845352
0.03732265532016754
0.06035145744681358
0.00827067531645298
0.035395827144384384
0.07534412294626236
0.19117674231529236
0.007834156043827534
0.041785404086112976
0.024295181035995483
0.009961334988474846
0.07810366898775101
0.0371985137462616
0.05430623143911362
0.0362793430685997
0.02843869850039482
0.12070311605930328
0.013781222514808178
0.044076915830373764
0.15215808153152466
0.020785579457879066
0.061706267297267914
0.06508523970842361
0.013256538659334183
0.05211140215396881
0.04979240149259567
0.03228482976555824
0.03998144716024399
0.015769241377711296
0.1393372267484665
0.03646237775683403
0.08283030986785889
0.015513395890593529
0.021613555029034615
0.017813589423894882
0.020958665758371353
0.03154545649886131
0.009055247530341148
0.10960438847541809
0.03213965892791748
0.1447194516658783
0.02093835547566414
0.13860832154750824
0.008499070070683956
0.009597140364348888
0.04197352007031441
0.0247468501329422
0.016727734357118607
0.005125710275024176
0.012962138280272484
0.013773025013506413
0.042051635682582855
0.07199624925851822
0.04368841275572777
0.4398069679737091
0.14166991412639618
0.013708884827792645
0.00935667846351862
0.03849448263645172
0.036701105535030365
0.012826323509216309
0.011662964709103107
0.008024820126593113
0.025606872513890266
0.2828843295574188
0.05460821092128754
0.028269844129681587
0.0992300882935524
0.013616134412586689
0.02181006222963333
0.011845877394080162
0.059622835367918015
0.03403777629137039
0.03866501897573471
0.006443322170525789
0.042899128049612045
0.0382123664021492
0.02055378444492817
0.01521895732730627
0.030673837289214134
0.027093444019556046
0.023803357034921646
0.009029828943312168
0.2319430261850357
0.026367999613285065
0.0651986300945282
0.020736530423164368
0.010969849303364754
0.018048861995339394
0.014102470129728317
0.014875696040689945
0.0212771724909544
0.030521895736455917
0.06578299403190613
0.02656942419707775
0.013372342102229595
0.032983239740133286
0.05509556829929352
0.019750406965613365
0.0421060249209404
0.015047297812998295
0.07604555785655975
0.029301192611455917
0.07620041072368622
0.11267546564340591
0.04526257514953613
0.0269886814057827
0.023218946531414986
0.01888415589928627
0.06800124049186707
0.027938595041632652
0.01678009144961834
0.03841455653309822
0.011607719585299492
0.13057725131511688
0.03478044643998146
0.01944969780743122
0.024128204211592674
0.019128955900669098
0.3531445860862732
0.020197633653879166
0.014991248957812786
0.019089045003056526
0.009719462133944035
0.016796305775642395
0.03303997963666916
0.5176404118537903
0.20903779566287994
0.22872620820999146
0.20458240807056427
0.033771611750125885
0.02197260409593582
0.013671331107616425
0.017970576882362366
0.025532066822052002
0.015531586483120918
0.01817050203680992
0.20818203687667847
0.014406167902052402
0.020897578448057175
0.024546651169657707
0.4919062554836273
0.06828980892896652
0.02168952487409115
0.05112380534410477
0.036705952137708664
0.017572322860360146
0.04476410523056984
0.017245225608348846
0.015779554843902588
0.007142338436096907
0.0148721132427454
0.01578524149954319
0.022295242175459862
0.05130799859762192
0.073001928627491
0.08114517480134964
0.656982958316803
0.007875801995396614
0.17215780913829803
0.022011741995811462
0.2019786238670349
0.010114673525094986
0.03782644867897034
0.02910352498292923
0.044070854783058167
0.04639127850532532
0.05559603124856949
0.03381878882646561
0.17906475067138672
0.2178880125284195
0.22569052875041962
0.060724932700395584
0.0454653725028038
0.024956783279776573
0.32969146966934204
0.0062809837982058525
0.058554165065288544
0.03948400914669037
0.02347523160278797
0.03688925504684448
0.376048743724823
0.06099868565797806
0.06380905956029892
0.011060057207942009
0.11277300119400024
0.01965034008026123
0.023324884474277496
0.07873575389385223
0.0427795834839344
0.019612636417150497
0.0361986868083477
0.01542624644935131
0.00833900086581707
0.08715516328811646
0.027550462633371353
0.018173612654209137
0.03562313690781593
0.009930883534252644
0.05839899554848671
0.024009067565202713
0.03024417906999588
0.03455166518688202
0.019549516960978508
0.014365560375154018
0.014218301512300968
0.037976495921611786
0.013916580937802792
0.05869185924530029
0.01968894526362419
0.02918000891804695
0.039491649717092514
0.04566982388496399
0.03699168935418129
0.17227774858474731
0.08320630341768265
0.07989282160997391
0.07472459226846695
0.018132396042346954
0.04336948320269585
0.01515097264200449
0.041852619498968124
0.12274597585201263
0.16885052621364594
0.1615532636642456
0.017242802307009697
0.008562194183468819
0.01572907343506813
0.8458768725395203
0.02277960814535618
0.031124502420425415
0.01613042503595352
0.02637399733066559
0.03935956954956055
0.020382342860102654
0.2595502734184265
0.013981904834508896
0.016763996332883835
0.25091466307640076
0.01562769152224064
0.04890467971563339
0.015647662803530693
0.08040172606706619
0.029059752821922302
0.04143568500876427
0.03194988891482353
0.12653781473636627
0.012772979214787483
0.17451965808868408
0.04975343495607376
0.14999805390834808
0.015724798664450645
0.029389645904302597
0.02295379340648651
0.03912821039557457
0.042385589331388474
0.15315403044223785
0.13759468495845795
0.12263437360525131
0.03942135348916054
0.06779766082763672
0.03984446078538895
0.12525604665279388
0.0224776491522789
0.06319424510002136
0.04971868172287941
0.027856912463903427
0.038045354187488556
0.02376662753522396
0.03268927335739136
0.02463581971824169
0.044187262654304504
0.022470654919743538
0.015341824851930141
0.08278325945138931
0.018891869112849236
0.09093039482831955
0.012952127493917942
0.00740100909024477
0.19746598601341248
0.027831384912133217
0.022852208465337753
0.010746140964329243
0.015344114974141121
0.010944117791950703
0.3899037837982178
0.07190392166376114
0.021213248372077942
0.10132841765880585
0.0329381562769413
0.012589475139975548
0.017805717885494232
0.0390787236392498
0.04703376069664955
0.009429932571947575
0.016720186918973923
0.030658690258860588
0.015521179884672165
0.07383101433515549
0.02064572274684906
0.04078807309269905
0.057359881699085236
0.008960060775279999
0.38707953691482544
0.024808231741189957
0.025290396064519882
0.04385652765631676
0.03479142487049103
0.021604066714644432
0.05137805640697479
0.028914006426930428
0.024873733520507812
0.03442652150988579
0.03749087080359459
0.029306555166840553
0.009090498089790344
0.014260541647672653
0.03897200897336006
0.010484535247087479
0.027545981109142303
0.07406827062368393
0.11831986159086227
0.010380386374890804
0.06022094935178757
0.013039217330515385
0.03386015072464943
0.0202691201120615
0.019333209842443466
0.2304583489894867
0.0664544478058815
0.03165440261363983
0.005298384930938482
0.0380956195294857
0.022457722574472427
0.01887582056224346
0.04567510262131691
0.12485607713460922
0.013633915223181248
0.11009598523378372
0.08945872634649277
0.013738006353378296
0.12991686165332794
0.01738901436328888
0.05794643238186836
0.048335663974285126
0.05084049701690674
0.4575187563896179
0.013248863629996777
0.026057984679937363
0.019769802689552307
0.04420822486281395
0.009962916374206543
0.01281946524977684
0.9527395367622375
0.011916135437786579
0.03186998888850212
0.024387933313846588
0.020188918337225914
0.06559466570615768
0.01744493655860424
0.023810256272554398
0.01288936659693718
0.021970335394144058
0.2934205234050751
0.06824935972690582
0.07589301466941833
0.022234730422496796
0.015062110498547554
0.022481678053736687
0.013973532244563103
0.02779967710375786
0.02239527739584446
0.022621840238571167
0.7242252230644226
0.06603462994098663
0.12054348737001419
0.06080342456698418
0.03727700188755989
0.023494035005569458
0.032291606068611145
0.04451468214392662
0.05122530460357666
0.009377102367579937
0.01603962853550911
0.015895340591669083
0.019252900034189224
0.04987708479166031
0.0925835445523262
0.018878016620874405
0.09689301252365112
0.010458062402904034
0.03141595423221588
0.03244844079017639
0.07579346746206284
0.10350636392831802
0.13401594758033752
0.02660686895251274
0.011661319993436337
0.03140826150774956
0.02028273232281208
0.05542246997356415
0.02652016654610634
0.02338491752743721
0.08654051274061203
0.06918104737997055
0.039354108273983
0.12580110132694244
0.03075016476213932
0.023776771500706673
0.06751549988985062
0.02641545981168747
0.04879331588745117
0.0494668185710907
0.02227429300546646
0.03897331282496452
0.08530298620462418
0.24453985691070557
0.018090564757585526
0.024816744029521942
0.015087113715708256
0.06236770376563072
0.01798682101070881
0.08952142298221588
0.05093900486826897
0.02855692245066166
0.024513358250260353
0.01686486229300499
0.03698024898767471
0.03483787924051285
0.1761629283428192
0.06598936766386032
0.09394866228103638
0.0096352007240057
0.20589590072631836
0.016570288687944412
0.03044019639492035
0.016079723834991455
0.008029447868466377
0.32662904262542725
0.028060516342520714
0.0133366659283638
0.020170440897345543
0.0472320020198822
0.10053084790706635
0.046287521719932556
0.01158932875841856
0.030329132452607155
0.015560127794742584
0.0975070595741272
0.06830573827028275
0.08029288053512573
0.01632082089781761
0.015073955990374088
0.018930921331048012
0.019395070150494576
0.059704385697841644
0.015077395364642143
0.012714738957583904
0.08709032833576202
0.07516542077064514
0.01671062596142292
0.015600618906319141
0.011211507953703403
0.02943483367562294
0.018414517864584923
0.059854134917259216
0.02289518155157566
0.06032330170273781
0.028337586671113968
0.1371794193983078
0.01866903342306614
0.03176064044237137
0.06689323484897614
0.11762173473834991
0.09949941188097
0.10740888863801956
0.018877485767006874
0.03309708088636398
0.0327942781150341
0.013015088625252247
0.019360264763236046
0.1719931811094284
0.10114672780036926
0.03519522771239281
0.0450383685529232
0.30802977085113525
0.1260880082845688
0.31100162863731384
0.03504208102822304
0.01327528990805149
0.7661629915237427
0.009207550436258316
0.06729115545749664
0.09010020643472672
0.013959100469946861
0.07157827168703079
0.08696654438972473
0.0192367285490036
0.033699240535497665
0.01038337405771017
0.06226101517677307
0.029421605169773102
0.03114182874560356
0.11845263093709946
0.02911989949643612
0.054650865495204926
0.015063151717185974
0.05814766138792038
0.014107748866081238
0.03375381603837013
0.022941237315535545
0.02343302220106125
0.04760271683335304
0.03196394816040993
0.03320666402578354
0.009601210243999958
0.012207570485770702
0.04015412554144859
0.020145660266280174
0.1478438377380371
0.00962141528725624
0.04230040684342384
0.05373409390449524
0.08061908930540085
0.054633259773254395
0.23574793338775635
0.013358421623706818
0.08060193061828613
0.061614636331796646
0.007859127596020699
0.06907375156879425
0.07635021954774857
0.009670954197645187
0.008336191065609455
0.06859491765499115
0.274478018283844
0.12783442437648773
0.01971348002552986
0.04156608134508133
0.043275561183691025
0.004870184697210789
0.009783366695046425
0.08585608750581741
0.014048987068235874
0.051247697323560715
0.02839358150959015
0.04990200325846672
0.05034518241882324
0.11418456584215164
0.07176955044269562
0.027798045426607132
0.011445376090705395
0.030885735526680946
0.03582526370882988
0.03743993490934372
0.29326361417770386
0.031529348343610764
0.02274135686457157
0.01306942105293274
0.041823092848062515
0.03027023747563362
0.010595063678920269
0.039170123636722565
0.012764698825776577
0.023516125977039337
0.05488857254385948
0.09045819938182831
0.008692320436239243
0.11127419769763947
0.0270027257502079
0.03851502016186714
0.03194199874997139
0.01531663816422224
0.2356218844652176
0.09415166079998016
0.0389440543949604
0.07500973343849182
0.10659743845462799
0.045151323080062866
0.04011088237166405
0.022509422153234482
0.014057080261409283
0.058039017021656036
0.019832808524370193
0.015144026838243008
0.01838095486164093
0.0283642690628767
0.018088093027472496
0.01509837806224823
0.012820793315768242
0.025709830224514008
0.03578184172511101
0.041838932782411575
0.05074441805481911
0.023894956335425377
0.25941357016563416
0.020502040162682533
0.03482847288250923
0.020479559898376465
0.031828127801418304
0.3494144678115845
0.015645338222384453
0.11663350462913513
0.011782144196331501
0.16564610600471497
0.010154006071388721
0.17728213965892792
0.031954169273376465
0.15868188440799713
0.07341401278972626
0.16481336951255798
0.09111469984054565
0.03014477714896202
0.02485773339867592
0.0503939725458622
0.012915919534862041
0.05927915871143341
0.014913487248122692
0.05724871903657913
0.0174381285905838
0.017565809190273285
0.06988294422626495
0.11658953875303268
0.034700773656368256
0.062329892069101334
0.0429588221013546
0.04221098870038986
0.008315138518810272
0.04402398318052292
0.062101811170578
0.017399759963154793
0.13598354160785675
0.011923984624445438
0.00897248275578022
0.15409883856773376
0.06392262130975723
0.027140473946928978
0.05173870921134949
0.018032869324088097
0.04259805381298065
0.04941829666495323
0.018997643142938614
0.021235868334770203
0.06524454057216644
0.030736640095710754
0.025667957961559296
0.07851918041706085
0.07163336127996445
0.019054558128118515
0.10064705461263657
0.005357753019779921
0.03265026584267616
0.05613350123167038
0.09736615419387817
0.05572860687971115
0.11388138681650162
0.023876991122961044
0.031478673219680786
0.014179452322423458
0.019293563440442085
0.07797100394964218
0.04028977453708649
0.025843750685453415
0.0585099421441555
0.013303709216415882
0.011110673658549786
0.021410446614027023
0.06999168545007706
0.14883141219615936
0.017594316974282265
0.0347953662276268
0.048564523458480835
0.013187059201300144
0.04989909753203392
0.025972409173846245
0.0058216131292283535
0.058470338582992554
0.007651303429156542
0.030242811888456345
0.11262702196836472
0.011533265933394432
0.012691034935414791
0.02187442220747471
0.10579776763916016
0.03848440945148468
0.04317547380924225
0.3071669042110443
0.01714082434773445
0.052230555564165115
0.023948414251208305
0.01602032594382763
0.24820691347122192
0.022706402465701103
0.007493402808904648
0.05477239564061165
0.1311430186033249
0.11040400713682175
0.01927485503256321
0.047312457114458084
0.1481289565563202
0.03178633004426956
0.024625057354569435
0.008532173000276089
0.08556298166513443
0.1025739535689354
0.014696579426527023
0.05365116149187088
0.03218063712120056
0.021240845322608948
0.036310888826847076
0.061506032943725586
0.02479538321495056
0.010479857213795185
0.20910878479480743
0.282741516828537
0.019689487293362617
0.02105850912630558
0.023798223584890366
0.05797131732106209
0.013834849931299686
0.045491937547922134
0.07287564128637314
0.04693388566374779
0.018154440447688103
0.05105692893266678
0.011601931415498257
0.0905214324593544
0.03965708985924721
0.1012425422668457
0.030222155153751373
0.16268537938594818
0.020791394636034966
0.012533994391560555
0.017312806099653244
0.0373217910528183
0.013166816905140877
0.02515431120991707
0.06479217112064362
0.017619749531149864
0.005089780781418085
0.04489252343773842
0.04763220250606537
0.03488393500447273
0.016033105552196503
0.03183472901582718
0.015543337911367416
0.17101070284843445
0.896611213684082
0.07297953218221664
0.05418078601360321
0.06353386491537094
0.043059442192316055
0.058323174715042114
0.03935924544930458
0.15200874209403992
0.009053384885191917
0.027637125924229622
0.12016162276268005
0.11429006606340408
0.9113773703575134
0.017409104853868484
0.2207985669374466
0.023006362840533257
0.02359800599515438
0.05469784513115883
0.012974693439900875
0.024021513760089874
0.17531827092170715
0.1418042927980423
0.012564643286168575
0.20613299310207367
0.03749576583504677
0.0295131653547287
0.05464222654700279
0.02577351965010166
0.02702009119093418
0.06995159387588501
0.1075381487607956
0.0671217143535614
0.022915424779057503
0.1539728343486786
0.02544586919248104
0.057610586285591125
0.14250071346759796
0.018256191164255142
0.017544781789183617
0.02178623527288437
0.2581682801246643
0.0376957431435585
0.02009354904294014
0.026384325698018074
0.032168567180633545
0.043656203895807266
0.015657363459467888
0.02291492372751236
0.042551349848508835
0.023019427433609962
0.014198243618011475
0.29776450991630554
0.27874618768692017
0.10348840802907944
0.026651298627257347
0.02944478578865528
0.016392381861805916
0.022305000573396683
0.06000811979174614
0.05948317050933838
0.05357465520501137
0.010293797589838505
0.015692098066210747
0.018115106970071793
0.04927815496921539
0.039666831493377686
0.0354788564145565
0.008866683579981327
0.01895366609096527
0.007390103302896023
0.011232811026275158
0.05467277020215988
0.1300404816865921
0.013779317028820515
0.02456519566476345
0.01877763122320175
0.05386814847588539
0.06969242542982101
0.15380969643592834
0.036190591752529144
0.06970375776290894
0.05535999685525894
0.015439148060977459
0.011882510967552662
0.42912977933883667
0.03223273158073425
0.02350485697388649
0.0304422564804554
0.03215242922306061
0.023243511095643044
0.034178994596004486
0.032291967421770096
0.013758145272731781
0.007412337232381105
0.007118199020624161
0.025505848228931427
0.03696732223033905
0.037220101803541183
0.05408136174082756
0.32661446928977966
0.03591446951031685
0.013166062533855438
0.04739276319742203
0.03353721648454666
0.1522427201271057
0.062035851180553436
0.02987038344144821
0.014307867735624313
0.04143929481506348
0.007521933410316706
0.10073575377464294
0.13581490516662598
0.009632137604057789
0.03473282232880592
0.10179959237575531
0.04813737794756889
0.11901038140058517
0.0088515505194664
0.17932917177677155
0.028416985645890236
0.020900322124361992
0.0347420908510685
0.09632604569196701
0.032860126346349716
0.1404433399438858
0.12884309887886047
0.0697840079665184
0.01595492847263813
0.013763371855020523
0.012076891958713531
0.017428962513804436
0.0963345542550087
0.0937296599149704
0.16707119345664978
0.032573848962783813
0.11458541452884674
0.08084454387426376
0.032589882612228394
0.02049941010773182
0.024016283452510834
0.06847424060106277
0.052371807396411896
0.1615438163280487
0.013126643374562263
0.03825962543487549
0.019466999918222427
0.012262758798897266
0.008328596130013466
0.030833257362246513
0.019077761098742485
0.06995272636413574
0.012778617441654205
0.07443255186080933
0.562890887260437
0.06111502647399902
0.04555484279990196
0.017510727047920227
0.03615741431713104
0.040219683200120926
0.021084437146782875
0.07985253632068634
0.15418486297130585
0.027068784460425377
0.09508129954338074
0.14688372611999512
0.042441703379154205
0.07532982528209686
0.02523837797343731
0.022460512816905975
0.0593307688832283
0.010689646005630493
0.019036704674363136
0.015451064333319664
0.0823596939444542
0.1965905874967575
0.009519924409687519
0.08852043002843857
0.09917367994785309
0.013448568060994148
0.0500553734600544
0.046164754778146744
0.2004627138376236
0.019958708435297012
0.01373241189867258
0.011582435108721256
0.05422746017575264
0.026578711345791817
0.014273694716393948
0.059679266065359116
0.5868968963623047
0.0366959348320961
0.03593410179018974
0.3602408468723297
0.016963038593530655
0.01946285180747509
0.019482774659991264
0.06424291431903839
0.005401236936450005
0.022804005071520805
0.017491774633526802
0.005770038813352585
0.09615250676870346
0.010864895768463612
0.014317670837044716
0.09041961282491684
0.015158852562308311
0.032907530665397644
0.08703824877738953
0.11981178820133209
0.015422255732119083
0.04285641014575958
0.03237178549170494
0.6814455986022949
0.03276427090167999
0.033722758293151855
0.016400402411818504
0.05257216840982437
0.012365873903036118
0.017583703622221947
0.017050504684448242
0.14010708034038544
0.01906498707830906
0.016730932518839836
0.00950943399220705
0.12928031384944916
0.015939373522996902
0.09346164017915726
0.015821736305952072
0.03631560504436493
0.008264617063105106
0.03779494762420654
0.013564981520175934
0.24077768623828888
0.034418296068906784
0.06977444887161255
0.0231940895318985
0.10253171622753143
0.0132221058011055
0.020200783386826515
0.05422745272517204
0.0722900927066803
0.01051940955221653
0.011484959162771702
0.018984293565154076
0.014433026313781738
0.021721722558140755
0.03884396329522133
0.02823733352124691
0.2341388761997223
0.17635998129844666
0.07550665736198425
0.11312539875507355
0.044161565601825714
0.042563289403915405
0.11877457797527313
0.014270449988543987
0.007414262741804123
0.058016739785671234
0.3282049894332886
0.02587183378636837
0.04621723294258118
0.026062943041324615
0.1526208519935608
0.007239263039082289
0.014342267997562885
0.02626797929406166
0.012633268721401691
0.11159904301166534
0.020267970860004425
0.1252046376466751
0.036412861198186874
0.024388503283262253
0.1514616757631302
0.0979423075914383
0.7098503708839417
0.06603618711233139
0.02302587777376175
0.016344742849469185
0.025934215635061264
0.017149589955806732
0.008968072943389416
0.09092196077108383
0.02320503257215023
0.006612145341932774
0.007507176138460636
0.41861847043037415
0.0163633581250906
0.06495240330696106
0.00787490513175726
0.08768513053655624
0.01288972981274128
0.01080577913671732
0.006976719945669174
0.0678008571267128
0.026540009304881096
0.00650677690282464
0.025842728093266487
0.024533100426197052
0.01804443448781967
0.016375849023461342
0.011339904740452766
0.20999106764793396
0.10141979902982712
0.023206764832139015
0.03806878998875618
0.38773855566978455
0.091033436357975
0.036019399762153625
0.014605140313506126
0.0683039054274559
0.03644975274801254
0.049304090440273285
0.027074432000517845
0.020574146881699562
0.013477321714162827
0.019763365387916565
0.09031075984239578
0.011988659389317036
0.008637476712465286
0.03949981555342674
0.016302872449159622
0.2463785707950592
0.05601876601576805
0.053592849522829056
0.11519350111484528
0.017002921551465988
0.14220787584781647
0.050034645944833755
0.014789375476539135
0.209980309009552
0.06856156140565872
0.019295839592814445
0.06771771609783173
0.12710200250148773
0.03466904163360596
0.557576596736908
0.00800672359764576
0.016332466155290604
0.018249914050102234
0.017469637095928192
0.012354815378785133
0.27757272124290466
0.05814412608742714
0.017786871641874313
0.014575200155377388
0.013514285907149315
0.0649019330739975
0.022589590400457382
0.022293422371149063
0.04337397590279579
0.09599202871322632
0.2632298767566681
0.008255016058683395
0.02041020803153515
0.02131768688559532
0.016395576298236847
0.02469981275498867
0.04127226769924164
0.010064384900033474
0.03720061108469963
0.056817181408405304
0.034042540937662125
0.02203170582652092
0.019370364025235176
0.04171455651521683
0.01623646728694439
0.009485296905040741
0.0055525521747767925
0.01886977069079876
0.01866968907415867
0.08853229880332947
0.008263169787824154
0.0359916128218174
0.01931547187268734
0.012866863049566746
0.03336803615093231
0.042990896850824356
0.03731579706072807
0.018073374405503273
0.03525780886411667
0.091658815741539
0.05410249903798103
0.0910094827413559
0.012426759116351604
0.10179836302995682
0.1107022613286972
0.0210709311068058
0.09907975792884827
0.007024285849183798
0.17623776197433472
0.18351782858371735
0.0651082694530487
0.025654718279838562
0.03301867097616196
0.06903073191642761
0.10360010713338852
0.013181420974433422
0.048606131225824356
0.017803803086280823
0.011752207763493061
0.006814206019043922
0.02424698695540428
0.08102214336395264
0.011039849370718002
0.07022803276777267
0.042791809886693954
0.03611490875482559
0.03275098279118538
0.042786579579114914
0.11762063950300217
0.09023277461528778
0.04680179804563522
0.02113800123333931
0.020175116136670113
0.09590598195791245
0.016595860943198204
0.008349480107426643
0.022796692326664925
0.04510596767067909
0.012269102968275547
0.015314617194235325
0.011028729379177094
0.019267577677965164
0.2796355187892914
0.019553015008568764
0.03234809264540672
0.17306619882583618
0.028745561838150024
0.015440115705132484
0.016999417915940285
0.009640193544328213
0.013647970743477345
0.025695117190480232
0.280460923910141
0.08273707330226898
0.09288477152585983
0.042134180665016174
0.06764379143714905
0.04657590761780739
0.023635294288396835
0.03023984655737877
0.035976264625787735
0.12346962839365005
0.1337294578552246
0.12914271652698517
0.017242562025785446
0.07948277145624161
0.045598916709423065
0.04022315517067909
0.020627466961741447
0.08778192102909088
0.014850693754851818
0.08987994492053986
0.017597101628780365
0.025158599019050598
0.011000987142324448
0.013059006072580814
0.019916392862796783
0.02476225607097149
0.01657833158969879
0.03341386839747429
0.026429083198308945
0.02234167605638504
0.09067955613136292
0.11154401302337646
0.009096813388168812
0.1463608592748642
0.1531440168619156
0.010887437500059605
0.015962835401296616
0.02415482886135578
0.007019897922873497
0.03318539634346962
0.022863108664751053
0.10272684693336487
0.012704085558652878
0.02301466092467308
0.012741473503410816
0.01432096492499113
0.018695298582315445
0.007498347666114569
0.034740861505270004
0.007443841081112623
0.021499769762158394
0.04644341394305229
0.026825670152902603
0.011582915671169758
0.030704446136951447
0.5152732133865356
0.04882820323109627
0.013368490152060986
0.0101551478728652
0.019411558285355568
0.012733056209981441
0.30552250146865845
0.01767883263528347
0.023414168506860733
0.18357715010643005
0.06800200790166855
0.014177156612277031
0.08345464617013931
0.05346134677529335
0.019732091575860977
0.07412414252758026
0.036426037549972534
0.05582654848694801
0.04184911772608757
0.009854558855295181
0.0105489082634449
0.047493673861026764
0.03383500501513481
0.008800688199698925
0.10166844725608826
0.019217081367969513
0.017607886344194412
0.005252389702945948
0.014986186288297176
0.014250081963837147
0.058550696820020676
0.013555915094912052
0.007587560918182135
0.038008611649274826
0.03367679566144943
0.02780693769454956
0.03834303840994835
0.10596948862075806
0.026945866644382477
0.010995706543326378
0.027857376262545586
0.01882684789597988
0.013783978298306465
0.07656840980052948
0.012421157211065292
0.042774368077516556
0.02584778144955635
0.026605479419231415
0.024292005226016045
0.06540463119745255
0.019183553755283356
0.05825848877429962
0.07245610654354095
0.01616773009300232
0.08026786148548126
0.09319523721933365
0.0746341422200203
0.032508984208106995
0.035760026425123215
0.01778377965092659
0.013342978432774544
0.008335535414516926
0.009831739589571953
0.033473335206508636
0.07207250595092773
0.04002157226204872
0.01899554580450058
0.02271958440542221
0.015041833743453026
0.05655348673462868
0.014207362197339535
0.08148224651813507
0.024668440222740173
0.27534958720207214
0.07009562104940414
0.0258658267557621
0.03433672711253166
0.014010757207870483
0.18266552686691284
0.03819209709763527
0.021852105855941772
0.2227061241865158
0.017040666192770004
0.03129152953624725
0.01822926662862301
0.028045741841197014
0.026179932057857513
0.026661120355129242
0.05107608810067177
0.03898775950074196
0.0396447628736496
0.016404252499341965
0.08818688988685608
0.011144549585878849
0.027141883969306946
0.09750828891992569
0.01914520561695099
0.030821284279227257
0.01761018857359886
0.07137298583984375
0.03303341194987297
0.048033203929662704
0.018643386662006378
0.13536742329597473
0.18334636092185974
0.017175616696476936
0.15105359256267548
0.11209292709827423
0.10639108717441559
0.09952869266271591
0.01567544974386692
0.016087012365460396
0.025533942505717278
0.11897724866867065
0.05907294154167175
0.11554368585348129
0.2738420069217682
0.02078639529645443
0.14020448923110962
0.016797328367829323
0.22114048898220062
0.008104394190013409
0.0334307998418808
0.04050762951374054
0.09702145308256149
0.01606849767267704
0.014640182256698608
0.06071056053042412
0.022884583100676537
0.009525686502456665
0.016596253961324692
0.04241127148270607
0.010125729255378246
0.06413329392671585
0.22520506381988525
0.03492206707596779
0.043315187096595764
0.048839591443538666
0.04382200539112091
0.022034596651792526
0.07869772613048553
0.09080731868743896
0.10135486721992493
0.010304128751158714
0.028392843902111053
0.04617280140519142
0.014694437384605408
0.021474473178386688
0.011746823787689209
0.01543967705219984
0.04104120656847954
0.01945163495838642
0.03197881579399109
0.02433525025844574
0.020798448473215103
0.019475050270557404
0.02754017896950245
0.029902957379817963
0.02785721980035305
0.022949624806642532
0.023528961464762688
0.017023077234625816
0.0736960768699646
0.024673663079738617
0.014767778106033802
0.021658984944224358
0.06802159547805786
0.32169821858406067
0.04440570995211601
0.00930638238787651
0.028202837333083153
0.2833227217197418
0.013794724829494953
0.023090118542313576
0.2737903594970703
0.02158266305923462
0.021172644570469856
0.0312650166451931
0.11185009032487869
0.019057171419262886
0.03750905394554138
0.03982283174991608
0.031071046367287636
0.11113294959068298
0.011777475476264954
0.07340633124113083
0.012701098807156086
0.017672797664999962
0.012943391688168049
0.029105257242918015
0.013376922346651554
0.03700139746069908
0.02030600607395172
0.021002139896154404
0.27912840247154236
0.015102163888514042
0.02213640697300434
0.006579547189176083
0.040065377950668335
0.00957541074603796
0.06010023131966591
0.015016703866422176
0.01635437272489071
0.03431697189807892
0.04700056090950966
0.0794992744922638
0.011270875111222267
0.01737368106842041
0.027700964361429214
0.1907769739627838
0.01465050969272852
0.02838939242064953
0.02108451910316944
0.05729534476995468
0.09005768597126007
0.0523504838347435
0.06373462080955505
0.024983610957860947
0.07697314023971558
0.03810376301407814
0.18407683074474335
0.016919085755944252
0.030994515866041183
0.03440872207283974
0.04166192188858986
0.019635500386357307
0.01740972511470318
0.13702543079853058
0.01459172461181879
0.18302668631076813
0.02040119469165802
0.17235130071640015
0.03658514842391014
0.040071628987789154
0.11724218726158142
0.017549358308315277
0.030704492703080177
0.10021594166755676
0.012434238567948341
0.09867984056472778
0.011013634502887726
0.032254546880722046
0.017577173188328743
0.014290322549641132
0.019114086404442787
0.015330146066844463
0.06626163423061371
0.03224482759833336
0.017583899199962616
0.009836716577410698
0.026667384430766106
0.028372569009661674
0.01845295913517475
0.21576710045337677
0.024044251069426537
0.050404686480760574
0.014199597761034966
0.1013963520526886
0.06379488110542297
0.00964661967009306
0.018833868205547333
0.010080714710056782
0.22333955764770508
0.02609986439347267
0.017933668568730354
0.01971845142543316
0.011070717126131058
0.04921632632613182
0.03423116356134415
0.6287877559661865
0.021100927144289017
0.03130224347114563
0.018870895728468895
0.024803686887025833
0.01265805959701538
0.03883301094174385
0.04873430356383324
0.021503163501620293
0.0210015457123518
0.05125132575631142
0.0296225193887949
0.10052749514579773
0.0139982420951128
0.030493326485157013
0.03872969374060631
0.010683909058570862
0.011652698740363121
0.02929679863154888
0.015019929967820644
0.10704385489225388
0.04426153004169464
0.02434864267706871
0.12601402401924133
0.020659189671278
0.02946631610393524
0.032531049102544785
0.01651916280388832
0.014031005091965199
0.014109422452747822
0.021732615306973457
0.03230585530400276
0.03764781355857849
0.016128217801451683
0.03415736183524132
0.028650227934122086
0.011479205451905727
0.055413562804460526
0.3583856225013733
0.02672571875154972
0.030369121581315994
0.015676863491535187
0.02851676382124424
0.026945218443870544
0.0589914470911026
0.007915589027106762
0.19848327338695526
0.13107384741306305
0.016704387962818146
0.11519590765237808
0.03943765535950661
0.01928415335714817
0.016425104811787605
0.033857740461826324
0.02079617604613304
0.004544897470623255
0.0737740620970726
0.013384142890572548
0.02830742485821247
0.02482263743877411
0.05274299904704094
0.17459015548229218
0.019345061853528023
0.09965340793132782
0.4742753505706787
0.04960916191339493
0.05516620725393295
0.15393482148647308
0.5249283313751221
0.013048883527517319
0.017555145546793938
0.20407401025295258
0.05091208592057228
0.0077818832360208035
0.17671044170856476
0.05345691367983818
0.11300947517156601
0.017160918563604355
0.04419231787323952
0.02407040446996689
0.02602582983672619
0.025950748473405838
0.11240915954113007
0.049343086779117584
0.05739464610815048
0.0407591238617897
0.02715967781841755
0.02077111043035984
0.020896874368190765
0.026283446699380875
0.026682250201702118
0.024860549718141556
0.10794585198163986
0.040665026754140854
0.04175056144595146
0.00619165413081646
0.021233277395367622
0.016191139817237854
0.06309863179922104
0.013767063617706299
0.08699563145637512
0.026398269459605217
0.009021539241075516
0.01997118629515171
0.04198656603693962
0.14729471504688263
0.03385084867477417
0.0961722731590271
0.03295404836535454
0.14633621275424957
0.06772372871637344
0.044252801686525345
0.016343552619218826
0.024763986468315125
0.02665448933839798
0.11768797039985657
0.02891797386109829
0.00988780427724123
0.05628898739814758
0.3099343180656433
0.01834334060549736
0.006932985037565231
0.032807350158691406
0.02081892266869545
0.05551965907216072
0.03985493257641792
0.04279400408267975
0.006727911531925201
0.008430649526417255
0.05650636553764343
0.04885026812553406
0.017115913331508636
0.025550752878189087
0.09351085871458054
0.03225577995181084
0.09345671534538269
0.11894022673368454
0.04598993435502052
0.017014741897583008
0.018348881974816322
0.020914467051625252
0.03538012504577637
0.4138438403606415
0.29491445422172546
0.03454387187957764
0.011019978672266006
0.08984113484621048
0.0554523691534996
0.018990708515048027
0.04835369810461998
0.01753648929297924
0.00863153301179409
0.08247139304876328
0.051551703363657
0.044616974890232086
0.019803935661911964
0.2562863528728485
0.059363286942243576
0.010062044486403465
0.012853340245783329
0.025921007618308067
0.08425204455852509
0.019069548696279526
0.4511866271495819
0.02718358486890793
0.1176261380314827
0.02465778961777687
0.008387308567762375
0.040657889097929
0.008659149520099163
0.02682577259838581
0.0193183571100235
0.023462845012545586
0.029815150424838066
0.092206671833992
0.014419020153582096
0.02224726974964142
0.020575091242790222
0.020277278497815132
0.01912267506122589
0.014421763829886913
0.1587228626012802
0.03051481582224369
0.04415908455848694
0.09419970214366913
0.07393059134483337
0.05185205489397049
0.017937535420060158
0.11003901064395905
0.01849898137152195
0.011737008579075336
0.009212353266775608
0.04386730492115021
0.026080965995788574
0.02937033399939537
0.015115511603653431
0.08809898793697357
0.03097306191921234
0.03629888594150543
0.021472813561558723
0.016286469995975494
0.035572655498981476
0.03147716075181961
0.04446502402424812
0.012049021199345589
0.022548368200659752
0.05633217468857765
0.25748929381370544
0.022352682426571846
0.012322763912379742
0.015949465334415436
0.016856098547577858
0.06004892662167549
0.04325417801737785
0.012056941166520119
0.006357025820761919
0.10585971176624298
0.044731613248586655
0.006019194144755602
0.016400674358010292
0.03851401433348656
0.05463356897234917
0.013163937255740166
0.05101191997528076
0.15324285626411438
0.030979441478848457
0.020100655034184456
0.01164587214589119
0.03019028902053833
0.010680370032787323
0.012424387037754059
0.044282395392656326
0.01686440035700798
0.1012527346611023
0.01110074669122696
0.006517159286886454
0.012914060615003109
0.037031471729278564
0.018142513930797577
0.0371488519012928
0.006663767155259848
0.047242049127817154
0.05446327477693558
0.006672021932899952
0.1011396050453186
0.08800923079252243
0.020655514672398567
0.022510645911097527
0.018531328067183495
0.03307478874921799
0.008003593422472477
0.12251067161560059
0.04819139838218689
0.017476459965109825
0.018450241535902023
0.008515557274222374
0.2554514408111572
0.2102714329957962
0.01576484739780426
0.13249777257442474
0.009081506170332432
0.06618192046880722
0.022960303351283073
0.06043749675154686
0.013385651633143425
0.0605565682053566
0.029668649658560753
0.027001434937119484
0.04929940029978752
0.060663364827632904
0.05159668251872063
0.044038232415914536
0.022751161828637123
0.022148847579956055
0.016446612775325775
0.03708995506167412
0.006879880093038082
0.023298198357224464
0.02756265364587307
0.07106808573007584
0.009890732355415821
0.014152957126498222
0.03538722172379494
0.08478949964046478
0.01816941797733307
0.05123763903975487
0.03406928479671478
0.08945021033287048
0.14980429410934448
0.1770821511745453
0.07609596848487854
0.394965261220932
0.013934322632849216
0.06693559139966965
0.09809283912181854
0.01897013746201992
0.011529308743774891
0.035551268607378006
0.08608093857765198
0.03967384248971939
0.0673907920718193
0.07888491451740265
0.06545200198888779
0.017149142920970917
0.038901928812265396
0.032124873250722885
0.016958054155111313
0.11241065710783005
0.04797390475869179
0.013789997436106205
0.06769753992557526
0.014742353931069374
0.023391105234622955
0.01926238089799881
0.12805454432964325
0.13583573698997498
0.01987285539507866
0.1889697015285492
0.086152084171772
0.00800135638564825
0.01976156421005726
0.012809177860617638
0.07642433047294617
0.030669372528791428
0.10195678472518921
0.03522474318742752
0.01832234486937523
0.011943873018026352
0.07092944532632828
0.06960970163345337
0.036507345736026764
0.051489751785993576
0.01237083412706852
0.17847630381584167
0.02860591746866703
0.01929287426173687
0.017706185579299927
0.044658269733190536
0.06614058464765549
0.11957526952028275
0.026744868606328964
0.02253674902021885
0.02851727604866028
0.01588256284594536
0.07084232568740845
0.03600569814443588
0.06649497151374817
0.05307357758283615
0.014601550064980984
0.014987374655902386
0.0954902172088623
0.02027108706533909
0.052891042083501816
0.04768826812505722
0.011344481259584427
0.13191142678260803
0.012065513990819454
0.030623191967606544
0.021434642374515533
0.032262492924928665
0.10192697495222092
0.023812230676412582
0.01932658813893795
0.015936683863401413
0.014588398858904839
0.016446975991129875
0.17559590935707092
0.009026950225234032
0.042622558772563934
0.013913753442466259
0.016754036769270897
0.023820411413908005
0.035607606172561646
0.04635700210928917
0.08436805754899979
0.29195287823677063
0.06336922198534012
0.009723552502691746
0.024039939045906067
0.006963538005948067
0.02888406068086624
0.027896065264940262
0.013594049029052258
0.03854040056467056
0.025445429608225822
0.015995163470506668
0.09360335022211075
0.032803818583488464
0.012744137085974216
0.037674251943826675
0.014837031252682209
0.01926371082663536
0.06883400678634644
0.1022774949669838
0.025105414912104607
0.018733279779553413
0.03446510434150696
0.02654467150568962
0.013921796344220638
0.33012861013412476
0.016282908618450165
0.012122919782996178
0.027093680575489998
0.12131942808628082
0.35816147923469543
0.07755071669816971
0.039649493992328644
0.36074039340019226
0.007212751545011997
0.048514481633901596
0.15271002054214478
0.22952879965305328
0.018783502280712128
0.03378206118941307
0.03549562022089958
0.13241171836853027
0.036869872361421585
0.15302935242652893
0.015237190760672092
0.03122059814631939
0.020653124898672104
0.021930737420916557
0.054094430059194565
0.01072324812412262
0.04400341212749481
0.37692791223526
0.03176645562052727
0.005857476033270359
0.028166336938738823
0.014573794789612293
0.07139788568019867
0.02093237265944481
0.11280158907175064
0.18215960264205933
0.0046492572873830795
0.3629552125930786
0.019444391131401062
0.026136182248592377
0.027466941624879837
0.01965462602674961
0.011362112127244473
0.030572984367609024
0.07506800442934036
0.061027396470308304
0.03186718374490738
0.021205056458711624
0.03784333914518356
0.01873190887272358
0.1331770420074463
0.015181012451648712
0.0266986396163702
0.06715745478868484
0.023904934525489807
0.03902480751276016
0.020650576800107956
0.00946126040071249
0.018260428681969643
0.05432563275098801
0.03682113066315651
0.02858300320804119
0.3728025257587433
0.009436946362257004
0.010781142860651016
0.019365273416042328
0.023422133177518845
0.030138112604618073
0.013215640559792519
0.10898954421281815
0.2012982815504074
0.04492457956075668
0.008832956664264202
0.013131668791174889
0.20177017152309418
0.15938706696033478
0.24719752371311188
0.04060502350330353
0.03322247788310051
0.012396424077451229
0.01900855451822281
0.011357356794178486
0.0834297314286232
0.05564505234360695
0.0557575561106205
0.010428564622998238
0.019880419597029686
0.018679384142160416
0.074892558157444
0.013563559390604496
0.09384888410568237
0.0399954728782177
0.05218040198087692
0.019850483164191246
0.013070167973637581
0.020005760714411736
0.05006078630685806
0.008836501277983189
0.2593023478984833
0.018984772264957428
0.34967100620269775
0.036926478147506714
0.054130591452121735
0.0543087013065815
0.13832668960094452
0.024937160313129425
0.020610295236110687
0.03635794296860695
0.027538681402802467
0.008522700518369675
0.021981192752718925
0.12275000661611557
0.02671014703810215
0.006432195194065571
0.050299882888793945
0.018272923305630684
0.10230669379234314
0.02513083815574646
0.0074360910803079605
0.01789804734289646
0.02329147793352604
0.025401456281542778
0.026438599452376366
0.004751951899379492
0.036426883190870285
0.012297202832996845
0.1461249142885208
0.016353610903024673
0.017560511827468872
0.03143884986639023
0.19958554208278656
0.019375117495656013
0.04827454313635826
0.03662676736712456
0.037963978946208954
0.007901928387582302
0.053996749222278595
0.015952713787555695
0.1176123321056366
0.07127677649259567
0.02883082441985607
0.052362553775310516
0.02296760305762291
0.21384206414222717
0.009703232906758785
0.02051340416073799
0.01621369458734989
0.025520283728837967
0.06557828187942505
0.056379031389951706
0.018878184258937836
0.07812180370092392
0.007950451225042343
0.01162684801965952
0.05276640132069588
0.02593344822525978
0.02195047028362751
0.03593170642852783
0.16800221800804138
0.16918763518333435
0.12760038673877716
0.02296295389533043
0.03657034412026405
0.010873754508793354
0.047009509056806564
0.2218615561723709
0.06577931344509125
0.01001035701483488
0.007832856848835945
0.014075301587581635
0.05590829998254776
0.11592821776866913
0.014755118638277054
0.03651011735200882
0.010977290570735931
0.0364486388862133
0.020091209560632706
0.032954588532447815
0.01092479843646288
0.016350766643881798
0.04530426859855652
0.033428166061639786
0.04019546881318092
0.04761378839612007
0.09268125146627426
0.015151084400713444
0.1734311282634735
0.013324674218893051
0.5674756169319153
0.013004167005419731
0.017255449667572975
0.03404620289802551
0.014893355779349804
0.017867783084511757
0.022762341424822807
0.07684244215488434
0.09745839983224869
0.014620534144341946
0.11114571243524551
0.019284654408693314
0.02056531421840191
0.022833047434687614
0.06001411750912666
0.035136155784130096
0.025925947353243828
0.02383655309677124
0.007670304737985134
0.016870083287358284
0.017261063680052757
0.01846158318221569
0.028146356344223022
0.025823621079325676
0.027161283418536186
0.06034919619560242
0.03797634690999985
0.05348619073629379
0.050984032452106476
0.06185054033994675
0.03209562599658966
0.024912530556321144
0.013620681129395962
0.037003014236688614
0.02980506233870983
0.01374096516519785
0.007000284735113382
0.022953476756811142
0.024186786264181137
0.038767844438552856
0.021166659891605377
0.040508151054382324
0.029808906838297844
0.07626564800739288
0.012881220318377018
0.041690416634082794
0.04919324442744255
0.047977108508348465
0.08596119284629822
0.029973138123750687
0.014667133800685406
0.01881728507578373
0.051149092614650726
0.07852157205343246
0.06613956391811371
0.01963326521217823
0.0694081112742424
0.09756845235824585
0.03838071599602699
0.02909502014517784
0.026504749432206154
0.03782014548778534
0.20390835404396057
0.016067946329712868
0.055056825280189514
0.031282857060432434
0.025611625984311104
0.022849222645163536
0.014837370254099369
0.10510165989398956
0.015079923905432224
0.0074701569974422455
0.07721934467554092
0.11216704547405243
0.034888796508312225
0.04017207771539688
0.055068016052246094
0.03226764127612114
0.03669009357690811
0.04228998348116875
0.010559271089732647
0.051915790885686874
0.015052830800414085
0.03853486105799675
0.025317005813121796
0.013659536838531494
0.014850642532110214
0.19473114609718323
0.02529757469892502
0.025600777938961983
0.013992242515087128
0.05629132315516472
0.018829116597771645
0.034111011773347855
0.04454958811402321
0.5208669900894165
0.03293769806623459
0.054483432322740555
0.03662112355232239
0.013627050444483757
0.1450188308954239
0.09639283269643784
0.06674303114414215
0.024479350075125694
0.015666114166378975
0.010496344417333603
0.008203908801078796
0.00820260401815176
0.05651133507490158
0.051005613058805466
0.026926783844828606
0.13473784923553467
0.01710352674126625
0.03157804161310196
0.03216604143381119
0.014400412328541279
0.030154354870319366
0.014258448965847492
0.02010144479572773
0.07037623226642609
0.04081284627318382
0.010970277711749077
0.024301806464791298
0.04099491238594055
0.05869249254465103
0.027026405557990074
0.03083880804479122
0.0085372906178236
0.11038988083600998
0.033086203038692474
0.04584195464849472
0.014629960060119629
0.01645817793905735
0.18290719389915466
0.1159568652510643
0.016257943585515022
0.05002864822745323
0.03008202463388443
0.023322220891714096
0.006042954511940479
0.049795038998126984
0.07475421577692032
0.0352337509393692
0.007384580094367266
0.058074530214071274
0.04075290262699127
0.028546519577503204
0.056122928857803345
0.013353660702705383
0.01316817570477724
0.018861837685108185
0.00808982364833355
0.01038825698196888
0.22311361134052277
0.013067079707980156
0.054373275488615036
0.04149914160370827
0.018192557618021965
0.016641320660710335
0.01392328180372715
0.017612913623452187
0.012561086565256119
0.014136618934571743
0.017392590641975403
0.3801010251045227
0.042508769780397415
0.15305095911026
0.09542933106422424
0.036419350653886795
0.018871132284402847
0.015378579497337341
0.026351867243647575
0.012520532123744488
0.04829701781272888
0.02352534420788288
0.018089458346366882
0.01802915520966053
0.3839349150657654
0.025166306644678116
0.027110567316412926
0.07487720996141434
0.10615329444408417
0.2706506848335266
0.5756030082702637
0.014829129911959171
0.07310236245393753
0.2412988394498825
0.04713405668735504
0.030572792515158653
0.017725428566336632
0.013380552642047405
0.09408682584762573
0.02270367741584778
0.0704941600561142
0.016476348042488098
0.02297341078519821
0.07923921942710876
0.016107674688100815
0.00998994242399931
0.023776907473802567
0.016761120408773422
0.0391014888882637
0.03351273387670517
0.7528591752052307
0.22532455623149872
0.024255305528640747
0.12378349900245667
0.09345386922359467
0.01906711235642433
0.046620532870292664
0.024547483772039413
0.018607402220368385
0.040563929826021194
0.018044138327240944
0.06033662334084511
0.04165135324001312
0.010677129961550236
0.030298365280032158
0.07607269287109375
0.5111862421035767
0.05322412773966789
0.09645397961139679
0.052078284323215485
0.007374330889433622
0.05552152171730995
0.008309934288263321
0.010586229152977467
0.11169308423995972
0.16836108267307281
0.21565602719783783
0.020458947867155075
0.01984371431171894
0.015375933609902859
0.05658918246626854
0.2589893341064453
0.09177114814519882
0.029446687549352646
0.007714411243796349
0.018555181100964546
0.05115048959851265
0.011899931356310844
0.021442923694849014
0.04826916381716728
0.2638864517211914
0.14398102462291718
0.017200304195284843
0.014854488894343376
0.043970827013254166
0.023928122594952583
0.10883311927318573
0.04869174584746361
0.01332881860435009
0.10227077454328537
0.021951718255877495
0.012193011119961739
0.11025822162628174
0.035310205072164536
0.21822552382946014
0.11231290549039841
0.07878565043210983
0.029218245297670364
0.019625920802354813
0.029654836282134056
0.07881366461515427
0.014553755521774292
0.056637849658727646
0.0903206542134285
0.006871700286865234
0.07542487978935242
0.011255068704485893
0.014155134558677673
0.05810169503092766
0.008449520915746689
0.021268505603075027
0.1956995725631714
0.04109381511807442
0.015292397700250149
0.08105911314487457
0.06589270383119583
0.049576375633478165
0.042512133717536926
0.03487506881356239
0.012803464196622372
0.009886502288281918
0.01935974694788456
0.07050810009241104
0.06009669229388237
0.019886570051312447
0.03783884644508362
0.017434818670153618
0.10079172253608704
0.012262016534805298
0.034768301993608475
0.012500826269388199
0.23956342041492462
0.024272099137306213
0.026756759732961655
0.031110942363739014
0.01728634350001812
0.015967588871717453
0.069166399538517
0.03518177568912506
0.044081732630729675
0.11505802720785141
0.022576292976737022
0.18454472720623016
0.060349658131599426
0.03690475597977638
0.04860156401991844
0.008770751766860485
0.10136742144823074
0.011180303990840912
0.03305985778570175
0.05568831041455269
0.008229154162108898
0.028561225160956383
0.014456316828727722
0.03114539012312889
0.025658942759037018
0.016215912997722626
0.014574527740478516
0.054162438958883286
0.07166781276464462
0.10623274743556976
0.10019753873348236
0.041093818843364716
0.09356702864170074
0.021020323038101196
0.06898634880781174
0.017711887136101723
0.10632426291704178
0.046408604830503464
0.01393396221101284
0.010129653848707676
0.03547743335366249
0.011729211546480656
0.02243431843817234
0.04769943654537201
0.024068012833595276
0.05519690737128258
0.010894186794757843
0.022861093282699585
0.1120651513338089
0.015107285231351852
0.0892520472407341
0.012249254621565342
0.07915547490119934
0.10770178586244583
0.07807429879903793
0.024672603234648705
0.03336101770401001
0.26359179615974426
0.06571890413761139
0.03181622922420502
0.11549738049507141
0.15907637774944305
0.0173286534845829
0.022834710776805878
0.009445146657526493
0.035902515053749084
0.2275765836238861
0.12891367077827454
0.014510305598378181
0.0855349600315094
0.04770318791270256
0.054027583450078964
0.03554321452975273
0.03057827800512314
0.06782763451337814
0.02634379453957081
0.05236348509788513
0.10327915847301483
0.12894614040851593
0.019281379878520966
0.07853715121746063
0.033061616122722626
0.007631008513271809
0.09708483517169952
0.01846129633486271
0.013402803801000118
0.022946923971176147
0.01783260889351368
0.15393629670143127
0.16859544813632965
0.02004309743642807
0.05136873200535774
0.02633381448686123
0.10138457268476486
0.051572877913713455
0.024120409041643143
0.022782718762755394
0.02590164914727211
0.019337426871061325
0.013375676237046719
0.008528649806976318
0.040633540600538254
0.05003804713487625
0.3634922206401825
0.039356593042612076
0.01705286279320717
0.05225133150815964
0.009631764143705368
0.09807997941970825
0.01020722184330225
0.05096620321273804
0.09353667497634888
0.020448720082640648
0.013348228298127651
0.08372668921947479
0.03363853320479393
0.040530189871788025
0.13413217663764954
0.05156521871685982
0.027464231476187706
0.0542977899312973
0.014082327485084534
0.13014110922813416
0.03768734633922577
0.06912712752819061
0.010126856155693531
0.03275063633918762
0.0175006203353405
0.029210267588496208
0.05298706516623497
0.016878167167305946
0.03240717574954033
0.10562232881784439
0.027505194768309593
0.016371622681617737
0.02087976597249508
0.013960909098386765
0.02453485317528248
0.02531377226114273
0.015494966879487038
0.1625785231590271
0.020529642701148987
0.6708129644393921
0.05846402794122696
0.009988133795559406
0.18378028273582458
0.03745044022798538
0.018613219261169434
0.054157186299562454
0.015719424933195114
0.0146205248311162
0.007901057600975037
0.15899565815925598
0.02270757406949997
0.034152768552303314
0.01832425780594349
0.11412661522626877
0.012338151223957539
0.3316000699996948
0.05426656827330589
0.20013608038425446
0.07201964408159256
0.09756633639335632
0.08502906560897827
0.0201991256326437
0.02897442877292633
0.019869046285748482
0.3868127167224884
0.04177125543355942
0.039086222648620605
0.14907696843147278
0.0784459039568901
0.030502082780003548
0.017723169177770615
0.060743849724531174
0.008107367902994156
0.01701422594487667
0.03644280135631561
0.056321531534194946
0.022304179146885872
0.013834585435688496
0.23380078375339508
0.015151968225836754
0.019929587841033936
0.014573505148291588
0.02452610619366169
0.04128716140985489
0.016212983056902885
0.026498280465602875
0.009620239958167076
0.051691312342882156
0.06512642651796341
0.018919426947832108
0.04228655621409416
0.03452648967504501
0.03091351129114628
0.03353920206427574
0.024709822610020638
0.040974210947752
0.03104628622531891
0.051009368151426315
0.058976635336875916
0.045903488993644714
0.04502273350954056
0.05570271611213684
0.09221990406513214
0.06432737410068512
0.041508495807647705
0.012513107620179653
0.02284201793372631
0.0717281922698021
0.05037520080804825
0.06741303205490112
0.012958092615008354
0.05027736723423004
0.1368948221206665
0.08632297068834305
0.05166774243116379
0.1752772182226181
0.048397406935691833
0.01963091269135475
0.050770677626132965
0.05751170963048935
0.020680345594882965
0.029135921970009804
0.22422517836093903
0.021573208272457123
0.09014852344989777
0.020244130864739418
0.30410274863243103
0.015250270254909992
0.017131583765149117
0.016049819067120552
0.008257228881120682
0.024356665089726448
0.00803260039538145
0.01669664867222309
0.3333883285522461
0.01820630021393299
0.05441366136074066
0.015104451216757298
0.03246472030878067
0.00700614508241415
0.20522698760032654
0.8074924945831299
0.04099913313984871
0.018101628869771957
0.04376058280467987
0.029132744297385216
0.014256395399570465
0.015331029891967773
0.022149285301566124
0.017803704366087914
0.011548489332199097
0.018041450530290604
0.012130961753427982
0.02432050183415413
0.26234668493270874
0.014297467656433582
0.07831371575593948
0.01872190833091736
0.022910254076123238
0.04211010783910751
0.05228813737630844
0.06618636846542358
0.034409016370773315
0.021819764748215675
0.04400894418358803
0.019167963415384293
0.00846173893660307
0.02262883074581623
0.027923518791794777
0.025798261165618896
0.06817794591188431
0.10160285979509354
0.03297371417284012
0.021730074658989906
0.058988653123378754
0.0635542944073677
0.025557896122336388
0.03198728710412979
0.18405234813690186
0.019906656816601753
0.012304721400141716
0.16574090719223022
0.05601543188095093
0.008435510098934174
0.18548139929771423
0.03886466473340988
0.5486423373222351
0.048957809805870056
0.022226084023714066
0.12482944130897522
0.04946059733629227
0.021210074424743652
0.07778070867061615
0.15624764561653137
0.10503575950860977
0.015780281275510788
0.07102420181035995
0.02863447740674019
0.03995928168296814
0.032064199447631836
0.04333383962512016
0.02605566568672657
0.014925994910299778
0.0140770822763443
0.02485457807779312
0.023511560633778572
0.014365212060511112
0.20307011902332306
0.01313858199864626
0.012536374852061272
0.01741904392838478
0.03338068723678589
0.017698859795928
0.3065868318080902
0.027269331738352776
0.016387544572353363
0.04601730778813362
0.03531691059470177
0.04124803468585014
0.07779649645090103
0.045573893934488297
0.01443710457533598
0.015674423426389694
0.06960555166006088
0.14991392195224762
0.014549685642123222
0.040434204041957855
0.042419999837875366
0.039933014661073685
0.019819974899291992
0.27094167470932007
0.016719182953238487
0.021004237234592438
0.03559919446706772
0.014260510914027691
0.027557209134101868
0.006999767851084471
0.16211119294166565
0.08435225486755371
0.10539980977773666
0.008365614339709282
0.06331276893615723
0.1833256036043167
0.04594837501645088
0.19130510091781616
0.022582244127988815
0.08584171533584595
0.2318038046360016
0.07912489026784897
0.028766391798853874
0.12387971580028534
0.11930162459611893
0.2383958101272583
0.23142005503177643
0.0812324658036232
0.025325793772935867
0.692784309387207
0.8102394938468933
0.11475580185651779
0.013180992566049099
0.02721250057220459
0.0076212636195123196
0.4210287630558014
0.06327391415834427
0.06591290980577469
0.009266790002584457
0.02099771983921528
0.25871896743774414
0.14070090651512146
0.015103618614375591
0.01671619713306427
0.05120436102151871
0.014677833765745163
0.014678532257676125
0.01679837703704834
0.029918208718299866
0.013527165167033672
0.07021620869636536
0.028738221153616905
0.01525091752409935
0.04126132279634476
0.017194394022226334
0.01317555084824562
0.32874515652656555
0.08236686885356903
0.07222110778093338
0.0171313788741827
0.05866370350122452
0.18516379594802856
0.026809893548488617
0.06518226116895676
0.017755115404725075
0.11052953451871872
0.01677464321255684
0.19342342019081116
0.017719000577926636
0.027568543329834938
0.05225692316889763
0.03033141791820526
0.023801786825060844
0.08403938263654709
0.0994071364402771
0.02513461746275425
0.03447849303483963
0.09842246770858765
0.017323138192296028
0.018195446580648422
0.009800123982131481
0.017581233754754066
0.02369525656104088
0.02282900922000408
0.03033626265823841
0.15785598754882812
0.06816668063402176
0.03825099766254425
0.016017192974686623
0.02569502219557762
0.014011131599545479
0.03399793431162834
0.022294379770755768
0.012685712426900864
0.02310800738632679
0.02168191783130169
0.011261542327702045
0.011196296662092209
0.015593007206916809
0.015866035595536232
0.012124977074563503
0.11460670828819275
0.13349223136901855
0.05977051705121994
0.37462666630744934
0.011921129189431667
0.009414896368980408
0.04087689146399498
0.012833847664296627
0.019806724041700363
0.023131871595978737
0.07646523416042328
0.05047808587551117
0.011181115172803402
0.02752610296010971
0.04763077571988106
0.029016584157943726
0.045126233249902725
0.1439911276102066
0.014596463181078434
0.04948746785521507
0.027251632884144783
0.09830894321203232
0.06030481681227684
0.013208774849772453
0.11406730860471725
0.02045418880879879
0.09409189224243164
0.011162186041474342
0.047436002641916275
0.007548702415078878
0.014288135804235935
0.3087300658226013
0.055261772125959396
0.012031158432364464
0.1874494105577469
0.013957425020635128
0.026941141113638878
0.08457590639591217
0.05850905925035477
0.021852722391486168
0.014336385764181614
0.009457273408770561
0.019239403307437897
0.012106437236070633
0.015846220776438713
0.04405398666858673
0.07152599096298218
0.018777543678879738
0.05591728538274765
0.018086107447743416
0.020715313032269478
0.022105783224105835
0.047548092901706696
0.06189097836613655
0.06507298350334167
0.036595072597265244
0.04441777989268303
0.02718256041407585
0.033991504460573196
0.03723597154021263
0.03263792023062706
0.03511114791035652
0.01422051154077053
0.05275668948888779
0.027197347953915596
0.061575353145599365
0.012143581174314022
0.4468499720096588
0.03584204614162445
0.28179091215133667
0.06933394074440002
0.032963093370199203
0.012862916104495525
0.014573441818356514
0.032310452312231064
0.3385545313358307
0.021775992587208748
0.05500921607017517
0.0814441666007042
0.06758879870176315
0.023817189037799835
0.013233902864158154
0.09046798944473267
0.3551846742630005
0.014473088085651398
0.015597924590110779
0.04900738596916199
0.03790975734591484
0.059612710028886795
0.09191375225782394
0.013360952027142048
0.0069553242065012455
0.01620289497077465
0.029916349798440933
0.017302431166172028
0.020798619836568832
0.09938804805278778
0.07378663867712021
0.015218645334243774
0.005422145128250122
0.015302946791052818
0.06559205800294876
0.025264637544751167
0.024462291970849037
0.010836574248969555
0.11340346187353134
0.020946146920323372
0.11582356691360474
0.016712188720703125
0.037733044475317
0.02181248553097248
0.15160799026489258
0.254224956035614
0.06586343795061111
0.17553146183490753
0.09639126807451248
0.03392694517970085
0.019970808178186417
0.01707112230360508
0.8631408214569092
0.0099648991599679
0.016676072031259537
0.08216182887554169
0.06402036547660828
0.0735040158033371
0.03264999017119408
0.08175894618034363
0.03827475756406784
0.030879342928528786
0.3163833022117615
0.04851965606212616
0.01609262079000473
0.01344721857458353
0.01060536503791809
0.017629211768507957
0.17603136599063873
0.6771105527877808
0.097680002450943
0.030588142573833466
0.039301369339227676
0.04191293567419052
0.06378637254238129
0.0218486525118351
0.038064729422330856
0.07270030677318573
0.04475581645965576
0.01768653653562069
0.01903250627219677
0.0074577429331839085
0.2760469913482666
0.034953925758600235
0.009218261577188969
0.012124215252697468
0.2263743132352829
0.02374454401433468
0.040558040142059326
0.04002029076218605
0.0400371290743351
0.3910714387893677
0.07223650068044662
0.04232162982225418
0.04087049514055252
0.019193848595023155
0.014683621004223824
0.04278670251369476
0.010330856777727604
0.02970259077847004
0.016639580950140953
0.14514341950416565
0.03608834743499756
0.10655264556407928
0.02517036162316799
0.11621472984552383
0.006772272754460573
0.24946866929531097
0.05920254811644554
0.022561488673090935
0.06787939369678497
0.035320013761520386
0.06024394556879997
0.019636427983641624
0.018208038061857224
0.02655050717294216
0.015246509574353695
0.010719077661633492
0.22388659417629242
0.01631908118724823
0.043110039085149765
0.2265343964099884
0.09092073142528534
0.03246859461069107
0.024639852344989777
0.0913161113858223
0.3921961784362793
0.02675654925405979
0.08963702619075775
0.009758166037499905
0.011472469195723534
0.42417576909065247
0.045870259404182434
0.017237817868590355
0.014896267093718052
0.006725173909217119
0.026265859603881836
0.01231854036450386
0.02864537388086319
0.017468063160777092
0.020632363855838776
0.06481875479221344
0.008631376549601555
0.010525654070079327
0.011747192591428757
0.09823444485664368
0.07797721773386002
0.019735975190997124
0.019848855212330818
0.06519975513219833
0.03134535625576973
0.04564194008708
0.023570407181978226
0.35421231389045715
0.03385511413216591
0.06347961723804474
0.11112606525421143
0.029327336698770523
0.08433178067207336
0.03010610118508339
0.03013586439192295
0.017001623287796974
0.03635663539171219
0.00950160063803196
0.023564089089632034
0.04679598659276962
0.011851305142045021
0.013474852778017521
0.02190338261425495
0.021070407703518867
0.013480344787240028
0.04670003429055214
0.02393439970910549
0.095731221139431
0.05302002653479576
0.05549657717347145
0.01449111383408308
0.019922779873013496
0.05553966388106346
0.019921353086829185
0.034772127866744995
0.4315778315067291
0.2722598910331726
0.028176646679639816
0.01693415455520153
0.04988078027963638
0.051511961966753006
0.02461118996143341
0.021075982600450516
0.1183369904756546
0.13312658667564392
0.023858942091464996
0.024147098883986473
0.033123839646577835
0.14609163999557495
0.008848965167999268
0.02927546203136444
0.019790733233094215
0.03181438520550728
0.011775367893278599
0.06684985756874084
0.2970549762248993
0.027321938425302505
0.03580988198518753
0.015557248145341873
0.04503166303038597
0.010949176736176014
0.048571981489658356
0.008528892882168293
0.17070139944553375
0.01942780241370201
0.07125469297170639
0.028051795437932014
0.09139528125524521
0.0741451159119606
0.14755931496620178
0.21816864609718323
0.21665623784065247
0.0416431725025177
0.04018498212099075
0.08394958823919296
0.03112208843231201
0.01996755041182041
0.00707352627068758
0.09533116966485977
0.00863485038280487
0.015743188560009003
0.015076374635100365
0.035878606140613556
0.022400742396712303
0.19423985481262207
0.021966256201267242
0.15803559124469757
0.02979842945933342
0.02585216797888279
0.01122007891535759
0.03572256118059158
0.017821859568357468
0.022965332493185997
0.05782188102602959
0.23197555541992188
0.05383747071027756
0.06024698168039322
0.012355118058621883
0.3669520318508148
0.008858520537614822
0.04080141708254814
0.03349277377128601
0.02103188820183277
0.047105785459280014
0.03610071912407875
0.02146103046834469
0.01444429811090231
0.15989574790000916
0.023339837789535522
0.013377758674323559
0.04513552039861679
0.059647612273693085
0.013235810212790966
0.036626990884542465
0.023318834602832794
0.02383441850543022
0.017908526584506035
0.033909328281879425
0.03188077732920647
0.040953777730464935
0.07317914068698883
0.06923273205757141
0.32605546712875366
0.02612406387925148
0.02082914300262928
0.014601643197238445
0.024130014702677727
0.010363101027905941
0.09061147272586823
0.19102659821510315
0.018189527094364166
0.024284621700644493
0.03555530309677124
0.024697620421648026
0.03202345594763756
0.01774216815829277
0.04544014111161232
0.02560323104262352
0.046577293425798416
0.008260119706392288
0.11927597224712372
0.11371070146560669
0.03208935260772705
0.018918005749583244
0.012719432823359966
0.012625012546777725
0.01767081394791603
0.013543394394218922
0.007049717009067535
0.03650089353322983
0.02038787119090557
0.014581754803657532
0.026055844500660896
0.16219355165958405
0.012839512899518013
0.022891631349921227
0.050594720989465714
0.03699042648077011
0.0637941062450409
0.056689001619815826
0.009993172250688076
0.04587585851550102
0.016364239156246185
0.020606987178325653
0.009377619251608849
0.1577261984348297
0.032329946756362915
0.46620693802833557
0.0185713991522789
0.015419631265103817
0.020807072520256042
0.22703084349632263
0.018066544085741043
0.2171146720647812
0.08767004311084747
0.015100710093975067
0.30993422865867615
0.024335915222764015
0.013426287099719048
0.017914071679115295
0.015574553981423378
0.028792375698685646
0.05501064285635948
0.03172346204519272
0.017072446644306183
0.026041992008686066
0.037287987768650055
0.054551322013139725
0.022796276956796646
0.03615595027804375
0.011883196420967579
0.19477316737174988
0.03816948086023331
0.08127159625291824
0.033233754336833954
0.021366791799664497
0.06190050393342972
0.16551198065280914
0.013536843471229076
0.05096793919801712
0.040508102625608444
0.11076666414737701
0.01438615471124649
0.016069507226347923
0.0320536270737648
0.01931983232498169
0.016073189675807953
0.08768316358327866
0.03651382774114609
0.09272532910108566
0.03570346534252167
0.027957582846283913
0.18519410490989685
0.016946809366345406
0.05992257967591286
0.011619674041867256
0.03514382615685463
0.0427989661693573
0.6281446814537048
0.09135875850915909
1.350754737854004
0.029930470511317253
0.0281319972127676
0.43807095289230347
0.020964426919817924
0.0720110684633255
0.006215885281562805
0.015574123710393906
0.020515047013759613
0.04504775255918503
0.011654957197606564
0.01515812985599041
0.030193796381354332
0.010143524967133999
0.016644055023789406
0.35906291007995605
0.20486046373844147
0.014422114938497543
0.10315243154764175
0.059948310256004333
0.08630821853876114
0.08748248964548111
0.026166362687945366
0.15187469124794006
0.18954844772815704
0.10370005667209625
0.35246148705482483
0.011251877062022686
0.08415037393569946
0.024300793185830116
0.013279412873089314
0.04370102658867836
0.11122004687786102
0.014156264252960682
0.04263455793261528
0.009680354967713356
0.024427857249975204
0.024488598108291626
0.05960994213819504
0.024269940331578255
0.05048335716128349
0.13462577760219574
1.3352845907211304
0.006384979467839003
0.029444124549627304
0.05446968600153923
0.030883876606822014
0.02175314724445343
0.020494524389505386
0.029596781358122826
0.21096664667129517
0.01917712390422821
0.028771495446562767
0.03215542063117027
0.010556401684880257
0.01015975046902895
0.08471648395061493
0.022801268845796585
0.018123773857951164
0.030187904834747314
0.045838482677936554
0.030863389372825623
0.04875385761260986
0.04212033748626709
0.08997701853513718
0.032322172075510025
0.054421816021203995
0.018221041187644005
0.030064396560192108
0.162483349442482
0.09523703157901764
0.017657548189163208
0.1780664175748825
0.4215643107891083
0.046973492950201035
0.06619881093502045
0.02216413803398609
0.027119193226099014
0.03142784535884857
0.010641979053616524
0.008729769848287106
0.005559868644922972
0.026948438957333565
0.02332531102001667
0.04233890026807785
0.023809293285012245
0.03718223050236702
0.08340419828891754
0.02082750014960766
0.016396155580878258
0.02841087430715561
0.023746198043227196
0.022575147449970245
0.012276599183678627
0.015977315604686737
0.03599865362048149
0.013767415657639503
0.01210430171340704
0.052999332547187805
0.01703319139778614
0.11433611065149307
0.029921602457761765
0.07557495683431625
0.022693658247590065
0.03435240313410759
0.22071999311447144
0.03287829831242561
0.034686073660850525
0.03542795777320862
0.21389922499656677
0.45696112513542175
0.04235054552555084
0.016181187704205513
0.2533174753189087
0.05351489037275314
0.046187467873096466
0.08031363785266876
0.011257318779826164
0.02799239382147789
0.009138201363384724
0.046986356377601624
0.08754532784223557
0.017825225368142128
0.04170897975564003
0.011313357390463352
0.06307516247034073
0.01714164949953556
0.022863667458295822
0.08723890036344528
0.03399713337421417
0.032183222472667694
0.01857430674135685
0.05681917816400528
0.025917334482073784
0.05485575273633003
0.13826152682304382
0.012731516733765602
0.05558019131422043
0.012486276216804981
0.06708069890737534
0.017061147838830948
0.015775587409734726
0.006770140491425991
0.01637895591557026
0.01744738034904003
0.019434506073594093
0.01853686012327671
0.05109240859746933
0.016232047230005264
0.0449005626142025
0.04786457493901253
0.1848423182964325
0.08367461711168289
0.016053510829806328
0.027011660858988762
0.0660092756152153
0.015998126938939095
0.08107651770114899
0.06067809835076332
0.07549422979354858
0.012802012264728546
0.026142165064811707
0.12061917036771774
0.02433699741959572
0.03242691978812218
0.015180316753685474
0.01547576766461134
0.06665311753749847
0.23079659044742584
0.05672634020447731
0.03502129018306732
0.05982060730457306
0.01698734611272812
0.8969491124153137
0.02671947330236435
0.01882517710328102
0.05547703430056572
0.02367047592997551
0.027747830376029015
0.028935009613633156
0.02926809713244438
0.05821537971496582
0.009201845154166222
0.0208139605820179
0.01735047996044159
0.025978874415159225
0.031154626980423927
0.02280450612306595
0.10589699447154999
0.017151188105344772
0.06837614625692368
0.4485112428665161
0.06762304157018661
0.05987698584794998
0.019876735284924507
0.04851511865854263
0.017273396253585815
0.035513170063495636
0.012345338240265846
0.1469225287437439
0.017108861356973648
0.04888453334569931
0.027916142717003822
0.034752294421195984
0.04907211661338806
0.02483917959034443
0.019436104223132133
0.026059631258249283
0.0537901446223259
0.024635247886180878
0.1272624135017395
0.1012764424085617
0.013513804413378239
0.01573224924504757
0.2755088806152344
0.060948245227336884
0.03873750939965248
0.006517931818962097
0.05224909633398056
0.005728408228605986
0.012279391288757324
0.04214630275964737
0.0336822010576725
0.013273918069899082
0.021470537409186363
0.0911175012588501
0.18811115622520447
0.010651646181941032
0.031979646533727646
0.020004302263259888
0.02972758561372757
0.021817725151777267
0.05805332213640213
0.017085101455450058
0.07080449908971786
0.07121899724006653
0.0933116003870964
0.019840804859995842
0.059876732528209686
0.05996156856417656
0.1458914875984192
0.11765638738870621
0.04030189290642738
0.008011159487068653
0.029458653181791306
0.1997581571340561
0.014101282693445683
0.017905697226524353
0.04787198081612587
0.02492155320942402
0.11160311847925186
0.14050287008285522
0.09730444103479385
0.01672440953552723
0.1052413284778595
0.07186248153448105
0.06779807060956955
0.051240209490060806
0.030872220173478127
0.009721482172608376
0.018397560343146324
0.042775485664606094
0.0589861199259758
0.5264959335327148
0.008541076444089413
0.019524503499269485
0.038174811750650406
0.017784807831048965
0.017071472480893135
0.11460153013467789
0.0378495529294014
0.022909244522452354
0.1423553079366684
0.07095956057310104
0.039415501058101654
0.022037900984287262
0.012170486152172089
0.015053441748023033
0.03277686610817909
0.1837744265794754
0.050583746284246445
0.020177412778139114
0.008603165857493877
0.025170812383294106
0.04740593954920769
0.021007129922509193
0.01904745027422905
0.01687825657427311
0.0937497690320015
1.6383659839630127
0.011043798178434372
0.033392224460840225
0.02358252927660942
0.38702166080474854
0.01693979650735855
0.010375977493822575
0.026906028389930725
0.023498637601733208
0.031197460368275642
0.028210552409291267
0.03197195380926132
0.13437944650650024
0.1861587017774582
0.05026523396372795
0.06516779214143753
0.016092002391815186
0.012736238539218903
0.013799592852592468
0.02204442024230957
0.015215237624943256
0.306679368019104
0.057661112397909164
0.09938548505306244
0.17835421860218048
0.04434005171060562
0.07281257957220078
0.014338220469653606
0.010801172815263271
0.005594490561634302
0.013165182434022427
0.027229461818933487
0.011053923517465591
0.03519627824425697
0.015581849031150341
0.019625358283519745
0.058804795145988464
0.02760959230363369
0.022396761924028397
0.14186568558216095
0.19243016839027405
0.006298195570707321
0.0283691193908453
0.09207537770271301
1.0043891668319702
0.028064493089914322
0.05000421777367592
0.06743045151233673
0.06222867965698242
0.018609672784805298
0.012978320010006428
0.02037629298865795
0.016900258138775826
0.015238810330629349
0.012906670570373535
0.0328102745115757
0.08229357749223709
0.0790150985121727
0.045983005315065384
0.10223846882581711
0.029458338394761086
0.044757045805454254
0.027363736182451248
0.22237707674503326
0.04983561486005783
0.026957036927342415
0.06706118583679199
0.026192059740424156
0.014481967315077782
0.007670760620385408
0.04396917298436165
0.4084266126155853
0.014685830101370811
0.012442715466022491
0.030173882842063904
0.10131017863750458
0.02948288433253765
0.041672639548778534
0.238592267036438
0.07949933409690857
0.0296001136302948
0.10456544160842896
0.005638976581394672
0.007033708039671183
0.015874844044446945
0.006257554516196251
0.06843703240156174
0.028427250683307648
0.0835328921675682
0.015479563735425472
0.04667557030916214
0.034697793424129486
0.05247000604867935
0.010235173627734184
0.030493950471282005
0.023069532588124275
0.039588119834661484
0.03664066269993782
0.028565699234604836
0.021243657916784286
0.01908995397388935
0.07933784276247025
0.030126741155982018
0.13898025453090668
0.08722727000713348
0.007264683488756418
0.10579419881105423
0.07956220954656601
0.014585090801119804
0.10203315317630768
0.011152634397149086
0.16626693308353424
0.021828889846801758
0.07148431986570358
0.06509872525930405
0.040688153356313705
0.09457208216190338
0.013469348661601543
0.03843121603131294
0.012691066600382328
0.018743325024843216
0.020873012021183968
0.028868380934000015
0.023716449737548828
0.03988833725452423
0.5206928849220276
0.035265885293483734
0.11037260293960571
0.07371753454208374
0.08408402651548386
0.09600658714771271
0.027951540425419807
0.035378556698560715
0.013783616945147514
0.03129749745130539
0.021916724741458893
0.044678542762994766
0.03932425379753113
0.05279061570763588
0.03452124446630478
0.8569270372390747
0.014324802905321121
0.02561481110751629
0.02327553741633892
0.012765893712639809
0.02525612898170948
0.040437716990709305
0.09712635725736618
0.07055766135454178
0.030753297731280327
0.08616038411855698
0.013594339601695538
0.1124706119298935
0.05457122623920441
0.0475388839840889
0.01874881610274315
0.016016293317079544
0.029909953474998474
0.10933825373649597
0.013120200484991074
0.01910918578505516
0.2974150478839874
0.0756949931383133
0.05547851696610451
0.013943091966211796
0.2659245431423187
0.19753208756446838
0.008598102256655693
0.0142351184040308
0.029841404408216476
0.020552435889840126
0.027458809316158295
0.039021268486976624
0.04906366765499115
0.06413527578115463
0.019541870802640915
0.006890211720019579
0.2510577142238617
0.01801528036594391
0.07570146024227142
0.050617776811122894
0.025859571993350983
0.019375594332814217
0.0509033128619194
0.022801952436566353
0.013639803975820541
0.07964656502008438
0.017703324556350708
0.11390815675258636
0.03454241156578064
0.02649460732936859
0.023655658587813377
0.01704268530011177
0.28198912739753723
0.2249666452407837
0.007721781264990568
0.04069843888282776
0.07573197036981583
0.0306711383163929
0.012732001952826977
0.012213757261633873
0.06467429548501968
0.01611580140888691
0.016540737822651863
0.03409600257873535
0.04203182831406593
0.03256794437766075
0.03801034018397331
0.021659471094608307
0.015339898876845837
0.03191668167710304
0.4544377028942108
0.013510213233530521
0.14038118720054626
0.012025862000882626
0.0872335210442543
0.013561137020587921
0.0898348018527031
0.010300698690116405
0.36536213755607605
0.020730365067720413
0.15537774562835693
0.06202050670981407
0.02349376305937767
0.03151988238096237
0.018262675032019615
0.033454958349466324
0.01624881476163864
0.04960661008954048
0.035010043531656265
0.024677379056811333
0.09292607754468918
0.054051946848630905
0.012870372273027897
0.021897250786423683
0.013289238326251507
0.016314445063471794
0.040818776935338974
0.16694200038909912
0.04323165491223335
0.043074723333120346
0.04924215003848076
0.08907517045736313
0.23407992720603943
0.047594912350177765
0.023388898000121117
0.021664438769221306
0.011470026336610317
0.06381364911794662
0.1669626086950302
0.021619463339447975
0.07713094353675842
0.1386663019657135
0.03120913729071617
0.005575729534029961
0.14467079937458038
0.031772710382938385
0.012808818370103836
0.05069281905889511
0.014153530821204185
0.02574027329683304
0.017202189192175865
0.027816519141197205
0.0255057942122221
0.033451180905103683
0.1867140382528305
0.13321806490421295
0.012580822221934795
0.03820215165615082
0.0930086299777031
0.11000792682170868
0.11737877130508423
0.05325870215892792
0.022548288106918335
0.008984081447124481
0.01593240350484848
0.01780673675239086
0.03086993284523487
0.052398357540369034
0.1787666529417038
0.022504372522234917
0.009888860397040844
0.03616483882069588
0.08975834399461746
0.014250936917960644
0.02217506244778633
0.035106103867292404
0.043045464903116226
0.052298322319984436
0.17801755666732788
0.030260590836405754
0.012802928686141968
0.008864966221153736
0.02542860060930252
0.03777352720499039
0.011465602554380894
0.04385726898908615
0.04300532117486
0.04221362620592117
0.0337003730237484
0.009709709323942661
0.01213051751255989
0.04831944406032562
0.01080237329006195
0.08399717509746552
0.031053422018885612
0.0741543099284172
0.07568094879388809
0.028639888390898705
0.02325366623699665
0.024256248027086258
0.05264492705464363
0.12718577682971954
0.0953395739197731
0.14677061140537262
0.011187192983925343
0.017189767211675644
0.30721452832221985
0.013612908311188221
0.0314803346991539
0.04405774921178818
0.02397044003009796
0.008826402015984058
0.04966441169381142
0.09467580169439316
0.029063040390610695
0.014220358803868294
0.017849013209342957
0.009496758691966534
0.029775189235806465
0.12092786282300949
0.022003330290317535
0.08895660936832428
0.0239744633436203
0.08340929448604584
0.0741410106420517
0.032939374446868896
0.018786385655403137
0.047053996473550797
0.04264753684401512
0.03837764635682106
0.10863498598337173
0.1694185733795166
0.041249461472034454
0.01614118367433548
0.02117142081260681
0.02849331870675087
0.017930123955011368
0.018174659460783005
0.020979711785912514
0.04080823436379433
0.10130806267261505
0.06418085098266602
0.040775004774332047
0.01647866517305374
0.04084882140159607
0.08110935986042023
0.01058989018201828
0.010867124423384666
0.14038129150867462
0.023382924497127533
0.013500385917723179
0.029698126018047333
0.04697025567293167
0.012888314202427864
0.033825378865003586
0.012906254269182682
0.016916854307055473
0.01994183473289013
0.013106205500662327
0.012922951020300388
0.11134620010852814
0.06094340607523918
0.05104348808526993
0.025808798149228096
0.030972516164183617
0.03902408853173256
0.015855010598897934
0.025793252512812614
0.008432740345597267
0.12553034722805023
0.033030297607183456
0.01585119031369686
0.12781527638435364
0.027039660140872
0.01714790239930153
0.04129011929035187
0.04634147882461548
0.053986556828022
0.040036480873823166
0.02864316664636135
0.10332068055868149
0.04242356866598129
0.031887806951999664
0.03154248371720314
0.04590047895908356
0.009040772914886475
0.01990417391061783
0.044192396104335785
0.03716043755412102
0.04642549902200699
0.14868859946727753
0.011062505654990673
0.0315488763153553
0.05005321279168129
0.019092651084065437
0.015217688865959644
0.016235025599598885
0.015905993059277534
0.2980715036392212
0.900111198425293
0.08271556347608566
0.1662708818912506
0.01923525147140026
0.13237598538398743
0.02600819803774357
0.05551324412226677
0.05718699097633362
0.28290247917175293
0.03879237174987793
0.018552284687757492
0.07971732318401337
0.02785027213394642
0.019681353121995926
0.023557379841804504
0.0254798773676157
0.02963893488049507
0.026752926409244537
0.04812160134315491
0.014996606856584549
0.03049793653190136
0.030303282663226128
0.012930222786962986
0.031937550753355026
0.03576768934726715
0.04229142516851425
0.024649137631058693
0.02122385799884796
0.008029685355722904
0.02317340485751629
0.08260941505432129
0.01458777580410242
0.0172452200204134
0.04746081307530403
0.22059792280197144
0.06840372085571289
0.010706322267651558
0.06061403825879097
0.03451324626803398
0.0344771184027195
0.02569245547056198
0.1353333741426468
0.031044889241456985
0.04168414697051048
0.019458366557955742
0.13248147070407867
0.23434752225875854
0.06037963554263115
0.24956321716308594
0.07139942049980164
0.05112091451883316
0.023697055876255035
0.0467635914683342
0.036593250930309296
0.03911900520324707
0.05537456274032593
0.0780409574508667
0.06212032958865166
0.013392403721809387
0.21819943189620972
0.1879759430885315
0.05785587802529335
0.02135126106441021
0.012035970576107502
0.022865673527121544
0.006801768206059933
0.037700239568948746
0.1509430706501007
0.026912307366728783
0.029686180874705315
0.01393805630505085
0.0810498520731926
0.016774332150816917
0.04572170227766037
0.0708945244550705
0.09423453360795975
0.08487118035554886
0.06832113116979599
0.010175909847021103
0.029679039493203163
0.01477347407490015
0.03739403188228607
0.015417719259858131
0.03531871363520622
0.01678570918738842
0.030153533443808556
0.035231199115514755
0.007618547882884741
0.023405583575367928
0.07407695055007935
0.007950764149427414
0.010760008357465267
0.017847415059804916
0.01520900335162878
0.1184970885515213
0.015102935954928398
0.03404781594872475
0.020697597414255142
0.026710109785199165
0.0304477047175169
0.031008390709757805
0.006641731597483158
0.02420658804476261
0.03106221742928028
0.046161554753780365
0.04029984772205353
0.06804635375738144
0.1759815663099289
0.03214532881975174
0.019039692357182503
0.011559899896383286
0.045057833194732666
0.01592489331960678
0.015147955156862736
0.038697369396686554
0.07556801289319992
0.09795187413692474
0.046755772083997726
0.019767511636018753
0.014398365281522274
0.011853287927806377
0.03412364050745964
0.13196434080600739
0.05189334228634834
0.040613435208797455
0.0428796149790287
0.08231305330991745
0.012184981256723404
0.005358775611966848
0.08766552805900574
0.01783611811697483
0.01332678459584713
0.030729999765753746
0.06142770126461983
0.010261870920658112
0.06823372840881348
0.021732816472649574
0.051538433879613876
0.01634064130485058
0.008176624774932861
0.06178954616189003
0.030326077714562416
0.2364983707666397
0.11889777332544327
0.0203575287014246
0.02321111038327217
0.025269143283367157
0.04242413863539696
0.029970761388540268
0.04598831385374069
0.008866938762366772
0.19233497977256775
0.01428237184882164
0.06370782107114792
0.022555511444807053
0.03315507993102074
0.07366907596588135
0.23031803965568542
0.009539821185171604
0.028710054233670235
0.06949422508478165
0.07050181180238724
0.10178960859775543
0.018598563969135284
0.04876367747783661
0.20954498648643494
0.034241899847984314
0.012961860746145248
0.09006821364164352
0.017605729401111603
0.05159580707550049
0.04046670347452164
0.07094644010066986
0.05735919252038002
0.05451091751456261
0.24445928633213043
0.025966843590140343
0.019353311508893967
0.02082931436598301
0.025758806616067886
0.010385802015662193
0.3131580650806427
0.09781962633132935
0.017273560166358948
0.011710756458342075
0.017848514020442963
0.13595862686634064
0.006399890407919884
0.129893958568573
0.10586664825677872
0.030896984040737152
0.06974905729293823
0.026418350636959076
0.02364562451839447
0.044277843087911606
0.020783204585313797
0.02518332377076149
0.09507272392511368
0.31216031312942505
0.031254224479198456
0.1178114041686058
0.03954191505908966
0.08426462858915329
0.018329499289393425
0.009099319577217102
0.01675095595419407
0.049976177513599396
0.04020155593752861
0.1255328357219696
0.009486682713031769
0.020465238019824028
0.008626739494502544
0.0356174111366272
0.04044002294540405
0.05261247605085373
0.1042250394821167
0.3493165671825409
0.025225836783647537
0.27598074078559875
0.23256397247314453
0.012790857814252377
0.3506092429161072
0.013368889689445496
0.1261647790670395
0.031008601188659668
0.044986139982938766
0.27685001492500305
0.037125661969184875
0.05597503483295441
0.006059946492314339
0.023938128724694252
0.08025167137384415
0.019330793991684914
0.1386154443025589
0.023903129622340202
0.10313968360424042
0.019003866240382195
0.024623990058898926
0.04226602613925934
0.013844211585819721
0.04492688551545143
0.09598313271999359
0.034869253635406494
0.03189372271299362
0.03525957465171814
0.09354134649038315
0.09952329099178314
0.0867384821176529
0.00918091181665659
0.0322522409260273
0.05167721211910248
0.035168472677469254
0.02742176502943039
0.014973307028412819
0.038283295929431915
0.025576867163181305
0.02887914516031742
0.009481662884354591
0.10334014147520065
0.07713343948125839
0.019332803785800934
0.031652867794036865
0.20259693264961243
0.012400665320456028
0.01493182871490717
0.012931358069181442
0.02236294001340866
0.019184157252311707
0.055613428354263306
0.019161803647875786
0.016154630109667778
0.030925773084163666
0.008607919327914715
0.07422475516796112
0.015507688745856285
0.024565009400248528
0.14708448946475983
0.08435223251581192
0.03224605321884155
0.054844167083501816
0.013743583112955093
0.17957618832588196
0.051680948585271835
0.11325384676456451
0.1483403891324997
0.07844755798578262
0.04218968376517296
0.03434457629919052
0.0270877406001091
0.00698491744697094
0.07110819220542908
0.01711444742977619
0.0498780757188797
0.06504327058792114
0.012910633347928524
0.03320753574371338
0.01371798850595951
0.01389885414391756
0.016057711094617844
0.11389242112636566
0.04272770881652832
0.046096108853816986
0.015638379380106926
0.025058427825570107
0.06393256783485413
0.020392265170812607
0.025833776220679283
0.02133181318640709
0.05325956642627716
0.011418402194976807
0.02202746830880642
0.012180094607174397
1.2987064123153687
0.010597577318549156
0.016793401911854744
0.04066533222794533
0.04040998965501785
0.04368148371577263
